2
element_1
0.984687 0.083695
0.982504 0.083096
0.980130 0.082506
0.977569 0.081889
0.974821 0.081245
0.971889 0.080574
0.968772 0.079887
0.965473 0.079161
0.961994 0.078388
0.958338 0.077562
0.954505 0.076684
0.950496 0.075772
0.946309 0.074860
0.941941 0.074010
0.937387 0.073294
0.932658 0.072616
0.927778 0.071703
0.922755 0.070487
0.917581 0.069083
0.912239 0.067726
0.906710 0.066645
0.901006 0.065748
0.895147 0.064812
0.889146 0.063717
0.883014 0.062354
0.876745 0.060839
0.870306 0.059568
0.863694 0.058623
0.856932 0.057748
0.850043 0.056720
0.843027 0.055575
0.835875 0.054420
0.828586 0.053340
0.821165 0.052276
0.813630 0.051072
0.805984 0.049725
0.798215 0.048411
0.790316 0.047235
0.782301 0.046089
0.774178 0.044903
0.765925 0.043989
0.757546 0.043320
0.749046 0.042889
0.740467 0.042231
0.731839 0.041029
0.723135 0.039655
0.714311 0.038663
0.705379 0.037942
0.696367 0.037229
0.687302 0.036212
0.678155 0.035305
0.668910 0.034731
0.659566 0.034539
0.650190 0.033980
0.640793 0.032972
0.631340 0.031979
0.621790 0.031516
0.612179 0.031212
0.602522 0.030923
0.592865 0.030166
0.583198 0.029090
0.573467 0.028385
0.563654 0.028313
0.553831 0.028054
0.544008 0.027548
0.534146 0.027289
0.524263 0.027130
0.514386 0.026780
0.504487 0.026627
0.494598 0.026329
0.484721 0.025905
0.474838 0.025630
0.464988 0.025078
0.455155 0.024481
0.445262 0.024806
0.435429 0.024663
0.425639 0.024313
0.415871 0.024052
0.406131 0.023846
0.396423 0.023684
0.386778 0.023259
0.377176 0.022843
0.367605 0.022634
0.358096 0.022299
0.348622 0.022207
0.339246 0.021654
0.329928 0.021154
0.320682 0.020583
0.311520 0.019848
0.302396 0.019542
0.293365 0.019051
0.284433 0.018334
0.275570 0.017796
0.266765 0.017616
0.258036 0.017626
0.249406 0.017563
0.240880 0.017441
0.232448 0.017406
0.224111 0.017485
0.215873 0.017664
0.207738 0.017939
0.199709 0.018308
0.191786 0.018809
0.183981 0.019347
0.176331 0.019502
0.168810 0.019631
0.161384 0.020168
0.154067 0.020979
0.146896 0.021669
0.139909 0.021804
0.133051 0.022071
0.126317 0.022575
0.119720 0.023176
0.113275 0.023739
0.106982 0.024279
0.100833 0.024946
0.094830 0.025714
0.088984 0.026499
0.083299 0.027281
0.077795 0.027839
0.072494 0.027940
0.067373 0.027879
0.062413 0.027920
0.057630 0.027877
0.052996 0.028111
0.048510 0.028662
0.044215 0.029031
0.040127 0.029048
0.036231 0.028925
0.032528 0.028646
0.029048 0.027898
0.025774 0.026873
0.022713 0.025526
0.019805 0.024561
0.017057 0.023927
0.014530 0.022898
0.012210 0.021677
0.010063 0.020653
0.008075 0.020007
0.006287 0.019267
0.004740 0.017961
0.003413 0.016341
0.002289 0.014615
0.001326 0.013287
0.000598 0.011475
0.000298 0.006912
0.000135 0.003047
0.000032 0.000785
0.000000 0.000000
0.000163 -0.000773
0.000622 -0.002730
0.001351 -0.005572
0.002354 -0.009337
0.003546 -0.013033
0.004839 -0.015610
0.006272 -0.017552
0.007938 -0.019943
0.009819 -0.022601
0.011893 -0.025250
0.014153 -0.027837
0.016581 -0.030147
0.019201 -0.032463
0.022039 -0.035132
0.025091 -0.038097
0.028342 -0.041200
0.031771 -0.044216
0.035373 -0.047075
0.039187 -0.050279
0.043216 -0.053880
0.047423 -0.057434
0.051798 -0.060865
0.056341 -0.064168
0.061040 -0.067246
0.065911 -0.070292
0.070950 -0.073282
0.076139 -0.076036
0.081487 -0.078667
0.087027 -0.081599
0.092755 -0.084814
0.098640 -0.087966
0.104695 -0.091229
0.110901 -0.094410
0.117229 -0.097187
0.123685 -0.099665
0.130286 -0.102075
0.137032 -0.104443
0.143927 -0.106851
0.150970 -0.109319
0.158144 -0.111674
0.165446 -0.113905
0.172886 -0.116173
0.180470 -0.118582
0.188158 -0.120696
0.195912 -0.122080
0.203797 -0.123572
0.211832 -0.125399
0.219953 -0.126858
0.228142 -0.127780
0.236433 -0.128585
0.244822 -0.129275
0.253304 -0.129828
0.261875 -0.130238
0.270531 -0.130502
0.279254 -0.130428
0.288030 -0.129897
0.296895 -0.129393
0.305855 -0.129006
0.314846 -0.128039
0.323888 -0.126756
0.333034 -0.125840
0.342228 -0.124659
0.351478 -0.123353
0.360786 -0.121990
0.370107 -0.120079
0.379503 -0.118405
0.388933 -0.116528
0.398426 -0.114815
0.407946 -0.112917
0.417481 -0.110709
0.427059 -0.108571
0.436667 -0.106409
0.446297 -0.104167
0.455913 -0.101455
0.465559 -0.098851
0.475274 -0.096856
0.484961 -0.094363
0.494655 -0.091847
0.504352 -0.089301
0.514027 -0.086458
0.523705 -0.083686
0.533371 -0.080831
0.543013 -0.077812
0.552665 -0.075081
0.562282 -0.072122
0.571851 -0.068858
0.581431 -0.066020
0.591022 -0.063653
0.600555 -0.060994
0.610003 -0.057751
0.619407 -0.054474
0.628774 -0.051276
0.638133 -0.048550
0.647452 -0.045962
0.656662 -0.042736
0.665788 -0.039216
0.674870 -0.035922
0.683919 -0.033017
0.692904 -0.030193
0.701790 -0.027059
0.710593 -0.023860
0.719339 -0.020944
0.728028 -0.018345
0.736623 -0.015678
0.745079 -0.012442
0.753420 -0.008958
0.761677 -0.005651
0.769858 -0.002630
0.777954 0.000144
0.785944 0.002911
0.793823 0.005665
0.801601 0.008273
0.809267 0.010806
0.816806 0.013429
0.824211 0.016178
0.831490 0.018913
0.838649 0.021540
0.845680 0.024121
0.852571 0.026754
0.859316 0.029490
0.865923 0.032197
0.872413 0.034585
0.878786 0.036634
0.885013 0.038660
0.891071 0.040903
0.896964 0.043273
0.902702 0.045642
0.908296 0.047844
0.913757 0.049720
0.919075 0.051375
0.924225 0.053065
0.929193 0.054933
0.933977 0.056983
0.938589 0.059052
0.943045 0.060927
0.947342 0.062611
0.951474 0.064182
0.955434 0.065676
0.959219 0.067118
0.962827 0.068514
0.966257 0.069861
0.969509 0.071150
0.972581 0.072368
0.975475 0.073497
0.978188 0.074546
0.980720 0.075514
0.983069 0.076395
0.985232 0.077225

element_2
1.305230 0.343556
1.304565 0.342509
1.304025 0.340843
1.303023 0.340274
1.301950 0.339658
1.300802 0.339012
1.299581 0.338328
1.298293 0.337596
1.296938 0.336809
1.295514 0.335984
1.294012 0.335143
1.292423 0.334317
1.290737 0.333534
1.288959 0.332786
1.287101 0.332040
1.285176 0.331258
1.283194 0.330411
1.281158 0.329501
1.279061 0.328543
1.276894 0.327569
1.274644 0.326622
1.272307 0.325713
1.269896 0.324811
1.267417 0.323897
1.264870 0.322975
1.262251 0.322065
1.259567 0.321145
1.256840 0.320152
1.254073 0.319088
1.251228 0.318064
1.248289 0.317130
1.245215 0.316407
1.242084 0.315676
1.238949 0.314780
1.235784 0.313807
1.232536 0.312910
1.229182 0.312161
1.225801 0.311333
1.222411 0.310378
1.219017 0.309287
1.215630 0.308032
1.212191 0.306789
1.208610 0.305825
1.204851 0.305251
1.201126 0.304447
1.197447 0.303391
1.193732 0.302321
1.189922 0.301415
1.186070 0.300523
1.182243 0.299457
1.178398 0.298344
1.174487 0.297330
1.170434 0.296644
1.166355 0.295947
1.162326 0.295026
1.158259 0.294141
1.154074 0.293534
1.149813 0.293082
1.145537 0.292617
1.141319 0.291927
1.137146 0.291058
1.132987 0.290104
1.128842 0.289070
1.124695 0.288007
1.120480 0.287116
1.116240 0.286273
1.112030 0.285327
1.107816 0.284378
1.103562 0.283538
1.099265 0.282821
1.095065 0.281824
1.090982 0.280493
1.086846 0.279329
1.082639 0.278392
1.078422 0.277504
1.074243 0.276538
1.070138 0.275385
1.066035 0.274267
1.061902 0.273283
1.057831 0.272164
1.053838 0.270873
1.049869 0.269567
1.045923 0.268263
1.042006 0.266939
1.038121 0.265599
1.034267 0.264247
1.030425 0.262941
1.026584 0.261723
1.022746 0.260590
1.018920 0.259521
1.015119 0.258481
1.011356 0.257439
1.007641 0.256369
1.003979 0.255261
1.000356 0.254162
0.996763 0.253103
0.993204 0.252073
0.989688 0.251056
0.986213 0.250057
0.982779 0.249084
0.979382 0.248148
0.976069 0.247124
0.972847 0.245988
0.969710 0.244766
0.966609 0.243605
0.963560 0.242462
0.960567 0.241326
0.957629 0.240208
0.954752 0.239092
0.951942 0.237964
0.949205 0.236813
0.946552 0.235604
0.943975 0.234372
0.941426 0.233258
0.938903 0.232267
0.936434 0.231324
0.934036 0.230381
0.931724 0.229400
0.929499 0.228379
0.927346 0.227366
0.925258 0.226382
0.923246 0.225399
0.921327 0.224371
0.919511 0.223271
0.917787 0.222131
0.916127 0.221040
0.914504 0.220075
0.912917 0.219242
0.911386 0.218485
0.909933 0.217745
0.908580 0.216952
0.907357 0.216031
0.906267 0.214965
0.905276 0.213860
0.904347 0.212823
0.903478 0.211866
0.902682 0.210946
0.901973 0.210030
0.901363 0.209077
0.900875 0.208028
0.900503 0.206900
0.900228 0.205743
0.900046 0.204575
0.899933 0.203469
0.899875 0.202458
0.899872 0.201552
0.899912 0.200780
0.899970 0.200217
0.900000 0.200000
0.900112 0.199804
0.900415 0.199314
0.900862 0.198663
0.901429 0.197922
0.902107 0.197122
0.902892 0.196268
0.903778 0.195381
0.904742 0.194525
0.905779 0.193714
0.906876 0.192985
0.908020 0.192378
0.909221 0.191858
0.910494 0.191385
0.911848 0.190929
0.913294 0.190454
0.914842 0.189933
0.916477 0.189408
0.918161 0.188985
0.919872 0.188731
0.921618 0.188616
0.923424 0.188570
0.925309 0.188533
0.927292 0.188449
0.929387 0.188272
0.931587 0.188019
0.933868 0.187762
0.936203 0.187576
0.938581 0.187491
0.941009 0.187481
0.943501 0.187508
0.946064 0.187542
0.948692 0.187600
0.951370 0.187726
0.954093 0.187926
0.956872 0.188169
0.959722 0.188407
0.962664 0.188573
0.965704 0.188651
0.968798 0.188760
0.971924 0.188966
0.975091 0.189236
0.978304 0.189551
0.981564 0.189905
0.984877 0.190280
0.988239 0.190678
0.991650 0.191101
0.995118 0.191517
0.998626 0.191973
1.002123 0.192617
1.005623 0.193396
1.009171 0.194183
1.012763 0.194979
1.016397 0.195789
1.020068 0.196621
1.023779 0.197463
1.027534 0.198298
1.031324 0.199151
1.035128 0.200074
1.038946 0.201063
1.042787 0.202087
1.046661 0.203116
1.050580 0.204109
1.054547 0.205045
1.058566 0.205918
1.062614 0.206783
1.066672 0.207695
1.070735 0.208657
1.074805 0.209665
1.078893 0.210682
1.082964 0.211801
1.086959 0.213189
1.090973 0.214567
1.095031 0.215854
1.099052 0.217284
1.103028 0.218873
1.106990 0.220526
1.111018 0.222007
1.115132 0.223247
1.119167 0.224726
1.123077 0.226571
1.126991 0.228405
1.130942 0.230121
1.134891 0.231831
1.138792 0.233660
1.142689 0.235482
1.146636 0.237128
1.150561 0.238801
1.154443 0.240566
1.158275 0.242429
1.162023 0.244492
1.165657 0.246833
1.169262 0.249198
1.172904 0.251391
1.176609 0.253332
1.180277 0.255309
1.183829 0.257542
1.187385 0.259680
1.191015 0.261516
1.194620 0.263328
1.198151 0.265258
1.201594 0.267344
1.205039 0.269315
1.208483 0.271175
1.211838 0.273180
1.215046 0.275491
1.218243 0.277705
1.221543 0.279490
1.224844 0.281137
1.228054 0.282907
1.231157 0.284849
1.234179 0.286876
1.237116 0.289000
1.240030 0.291034
1.242942 0.292911
1.245794 0.294800
1.248546 0.296813
1.251223 0.298869
1.253896 0.300760
1.256573 0.302462
1.259215 0.304080
1.261791 0.305701
1.264287 0.307365
1.266719 0.309023
1.269102 0.310623
1.271430 0.312181
1.273700 0.313707
1.275914 0.315183
1.278084 0.316580
1.280211 0.317888
1.282280 0.319145
1.284282 0.320381
1.286207 0.321617
1.288054 0.322855
1.289827 0.324083
1.291537 0.325263
1.293195 0.326359
1.294810 0.327348
1.296378 0.328237
1.297887 0.329056
1.299329 0.329831
1.300696 0.330580
1.301986 0.331310
1.303202 0.332006
1.304349 0.332657
1.305424 0.333266
1.306561 0.333443
1.307919 0.332719
1.308818 0.333082

