9.645649351636267355e-01 -8.967115585802565292e-02
9.609545428991160820e-01 -9.042185633731777972e-02
9.571584509867812063e-01 -9.121150994165885817e-02
9.531805177588165146e-01 -9.201264601748583571e-02
9.490257159962186551e-01 -9.278586261523517897e-02
9.446997828296990196e-01 -9.348382133303773101e-02
9.402041155125413496e-01 -9.410958178038333899e-02
9.355341243573426224e-01 -9.473542016820593603e-02
9.306826359813028526e-01 -9.546392230144028213e-02
9.256295395048558250e-01 -9.654632003078759961e-02
9.203677104303750189e-01 -9.808617162328429895e-02
9.149340342412924931e-01 -9.968475176454527631e-02
9.093737682402700528e-01 -1.008483886814030561e-01
9.036910272672691313e-01 -1.015544057525973598e-01
8.978718792625075551e-01 -1.019871285079881479e-01
8.919015950922991598e-01 -1.023407084256318794e-01
8.857711735216753368e-01 -1.027445320828347108e-01
8.794931512414299046e-01 -1.030825013741968471e-01
8.730934930301192942e-01 -1.030857187668714342e-01
8.665609075249277593e-01 -1.029117998061333944e-01
8.598806836010102206e-01 -1.027581103824883602e-01
8.530441715468635167e-01 -1.027533849954515022e-01
8.460371478898780495e-01 -1.030907057461530607e-01
8.388816282735297447e-01 -1.035495670546349167e-01
8.316179057586783330e-01 -1.037011666611242500e-01
8.242331104029467781e-01 -1.037249609757665281e-01
8.167196115999405537e-01 -1.037411106569326724e-01
8.090823865819235516e-01 -1.037262453800857492e-01
8.013273197652810431e-01 -1.036471898455552654e-01
7.934587880011294558e-01 -1.034885511845984596e-01
7.854910080016853646e-01 -1.031230037616513717e-01
7.774305360060440595e-01 -1.025113051791855384e-01
7.692648334938839705e-01 -1.018329768330850232e-01
7.609801072468509453e-01 -1.012823769439067101e-01
7.525619783913801708e-01 -1.010610390349975657e-01
7.440775075909811243e-01 -1.004401051791769806e-01
7.355777919059613978e-01 -9.887363428902534723e-02
7.270079970205599595e-01 -9.702692359232369113e-02
7.183203350298774659e-01 -9.548515157373223261e-02
7.095324661073350025e-01 -9.408582865174820731e-02
7.006658587955537643e-01 -9.262332690960564663e-02
6.917279469187826990e-01 -9.105281199834740213e-02
6.827278126978174599e-01 -8.931096864512816369e-02
6.736665741139881147e-01 -8.742585777704732497e-02
6.645217196737484011e-01 -8.569595503813449977e-02
6.552986565505869443e-01 -8.410093675987265205e-02
6.460354874885488874e-01 -8.224706351074630162e-02
6.367725619050474961e-01 -7.971519627465953328e-02
6.274818327249309657e-01 -7.686823511404307363e-02
6.181105488983219542e-01 -7.435169488448231667e-02
6.086659313348886657e-01 -7.212583825953215733e-02
5.991970702225517531e-01 -6.967257361706258312e-02
5.897422281466838667e-01 -6.659776635190771399e-02
5.802420286877451039e-01 -6.362348087740411773e-02
5.706643642077972034e-01 -6.116026115421109577e-02
5.610342884223934457e-01 -5.896544002819632813e-02
5.513738281300020194e-01 -5.683107725209006478e-02
5.416942704259691821e-01 -5.467209992388862710e-02
5.319987696763710527e-01 -5.249648748624020922e-02
5.222984775029292370e-01 -5.022088796506814223e-02
5.126183500820876704e-01 -4.760422301693152669e-02
5.029651237036177891e-01 -4.461371172508657446e-02
4.933204618707536238e-01 -4.150318234249094490e-02
4.836636903048744940e-01 -3.855319272815799225e-02
4.739991454088826051e-01 -3.575841870597810945e-02
4.643391240100978590e-01 -3.302252212420406230e-02
4.546938698570442416e-01 -3.027258846001675344e-02
4.450422261562929083e-01 -2.779455261432858121e-02
4.353797705789442252e-01 -2.568299604964244601e-02
4.257513166449889419e-01 -2.346963707674217664e-02
4.162306792994946436e-01 -2.035459422407103966e-02
4.067806469834993055e-01 -1.680689568184296975e-02
3.972665369242573408e-01 -1.440952456653544350e-02
3.877813188354835017e-01 -1.214322102025361047e-02
3.783490554125980010e-01 -9.776155922684553676e-03
3.689740433062738689e-01 -7.302230125267853214e-03
3.596812243069485437e-01 -4.479155707511142843e-03
3.504093027721051912e-01 -2.050112665776043005e-03
3.411722193079444465e-01 1.019203314342143562e-04
3.319998863242576981e-01 2.276786757220716512e-03
3.229077878161739634e-01 4.609692559957543311e-03
3.139008919927606112e-01 7.115944021871022269e-03
3.049363653119236961e-01 9.264783421125594859e-03
2.960102615502603340e-01 1.097026570566192287e-02
2.871615975505500407e-01 1.263786044326291845e-02
2.784124855291798539e-01 1.448017677273722922e-02
2.697758268974433382e-01 1.660491985169952958e-02
2.612254623618129323e-01 1.867372046254526727e-02
2.527458005434274346e-01 2.046940809719734189e-02
2.443778022347096734e-01 2.242162862476900290e-02
2.361092759153528009e-01 2.435293134608553650e-02
2.279306267364586691e-01 2.611599767221389756e-02
2.198512415158634659e-01 2.778093717553673306e-02
2.118794477620156158e-01 2.940623269981651119e-02
2.040161893467730969e-01 3.096646729695450712e-02
1.962651867298014774e-01 3.246847025727851027e-02
1.886445521835845573e-01 3.408409367395206363e-02
1.811473270485070286e-01 3.569916493517868994e-02
1.737450708497325635e-01 3.695452403867474644e-02
1.664403374254030676e-01 3.784584178741981497e-02
1.592496699427087548e-01 3.852926501946483256e-02
1.521936799575138166e-01 3.920803260074034319e-02
1.452811287016514408e-01 3.995053633604444404e-02
1.385013262316790728e-01 4.060345523626083392e-02
1.318539770272310341e-01 4.113290442288198429e-02
1.253452126566111102e-01 4.157910019768368270e-02
1.189852348591693004e-01 4.202943201092526615e-02
1.127747521349754534e-01 4.246344337773864247e-02
1.067258141062786408e-01 4.299098086657419937e-02
1.008455561386953775e-01 4.366640515355580537e-02
9.512743529562765754e-02 4.438842814032474549e-02
8.953341948374064774e-02 4.469654430123295302e-02
8.404492583220828095e-02 4.435326909294085712e-02
7.867927579411927719e-02 4.353223141548848152e-02
7.348155906773165547e-02 4.272518731495218020e-02
6.845365299216567279e-02 4.193071718520127028e-02
6.360263901582677293e-02 4.120763746536052624e-02
5.895119374561726827e-02 4.079377951296709465e-02
5.449487136260831865e-02 4.061773372078893163e-02
5.019308451138511373e-02 4.019576864974248182e-02
4.600505429316873590e-02 3.904274906633454362e-02
4.194503639638560988e-02 3.730338093265962024e-02
3.808092245437203621e-02 3.573623197134930679e-02
3.441941083504434368e-02 3.440123459281475143e-02
3.091900510197775551e-02 3.280826547741407667e-02
2.755123817016789933e-02 3.061694705265316854e-02
2.437413950273768087e-02 2.847638724877659538e-02
2.140957132131347460e-02 2.662313150017665483e-02
1.863945363238746211e-02 2.483801980734103368e-02
1.605343802361379815e-02 2.299110560362598379e-02
1.364761435385156846e-02 2.102687770810967097e-02
1.143085520653897361e-02 1.903678198268366970e-02
9.395765240614846123e-03 1.692717478508641571e-02
7.514492640234186199e-03 1.437145117823595587e-02
5.797174957236528314e-03 1.147808719000269380e-02
4.292110000179586403e-03 8.792595971359722096e-03
3.007748514071800945e-03 6.405902596231602929e-03
1.944733295396391948e-03 4.320555034402562625e-03
1.106262724124403452e-03 2.569181738010143691e-03
4.971562920665825161e-04 1.203812115621252440e-03
1.253021558649102397e-04 3.124233322908211478e-04
0.000000000000000000e+00 0.000000000000000000e+00
6.623889757021513176e-05 -3.626727991890468903e-04
2.711712343065554500e-04 -1.379208914218399374e-03
6.256203076454897212e-04 -2.924586221269441424e-03
1.137712847681039870e-03 -4.903730892381789365e-03
1.812184809034426362e-03 -7.259453083628725385e-03
2.651988240555721698e-03 -9.954081524038019615e-03
3.658815567238855437e-03 -1.296347247977154560e-02
4.829666197272647690e-03 -1.631625548865112477e-02
6.189564369434762993e-03 -1.971986886566091252e-02
7.764121174760199064e-03 -2.287417978086268844e-02
9.545019506666493556e-03 -2.586599597225492514e-02
1.151369660788932082e-02 -2.889837621911661367e-02
1.366666809392284680e-02 -3.200117898772476821e-02
1.600852473371608062e-02 -3.511111348571224061e-02
1.853574453112601453e-02 -3.825677264092360724e-02
2.123900253556303130e-02 -4.153223639823444557e-02
2.410676240934826395e-02 -4.505602479844479646e-02
2.713617068981308972e-02 -4.884658120074956283e-02
3.035998010893197277e-02 -5.251454286363542445e-02
3.379890270434727367e-02 -5.580735323262495107e-02
3.741584791962240114e-02 -5.913232902251119860e-02
4.118456656686883544e-02 -6.277206262644273449e-02
4.511787146305918511e-02 -6.656186557404553117e-02
4.926468038880949668e-02 -6.992357478674204874e-02
5.363190187586244079e-02 -7.275840954151686912e-02
5.818361473501089398e-02 -7.545635724543789391e-02
6.288174018381247066e-02 -7.843129692804161335e-02
6.771828895200493470e-02 -8.175242147975733675e-02
7.270835786052305683e-02 -8.522429575723024231e-02
7.785670310385982285e-02 -8.876893464531498967e-02
8.315535566173126725e-02 -9.245306824793485256e-02
8.863019673875260906e-02 -9.595579168481746524e-02
9.430807658503452540e-02 -9.894440848320795734e-02
1.001816997048751712e-01 -1.014758045497235611e-01
1.062142371449487227e-01 -1.039437398210614066e-01
1.123800610088482865e-01 -1.066132612494778975e-01
1.186791624960759350e-01 -1.094559147474010036e-01
1.251189977455889890e-01 -1.123572592924817759e-01
1.316972207664926231e-01 -1.153142418387158308e-01
1.384139409266274545e-01 -1.182951052406925191e-01
1.452742958933766759e-01 -1.212099913150545549e-01
1.522777268923878602e-01 -1.240335373485826204e-01
1.594102771366350257e-01 -1.268929178513244216e-01
1.666641823528288990e-01 -1.298439364448829569e-01
1.740488693143930066e-01 -1.327453249154250947e-01
1.815763984312039891e-01 -1.354251482598796685e-01
1.892589534531655404e-01 -1.377095108111668909e-01
1.970766135394055318e-01 -1.397909366937224174e-01
2.049984330706594582e-01 -1.419874401960405375e-01
2.130278851048787447e-01 -1.442231186312837588e-01
2.211707211584821586e-01 -1.463955308526101173e-01
2.294214003072855557e-01 -1.485308276668091954e-01
2.377782037589345199e-01 -1.506110059961991432e-01
2.462469671136507665e-01 -1.525312636406102040e-01
2.548233202853588675e-01 -1.543030127818109665e-01
2.634733286631738003e-01 -1.562751675648682559e-01
2.722284272263330585e-01 -1.580490574085806899e-01
2.810850196176489790e-01 -1.596260302154523247e-01
2.900032037477464075e-01 -1.614220343030066118e-01
2.989788501748357197e-01 -1.634437744210025523e-01
3.080269550930708755e-01 -1.654790037737534081e-01
3.171878038037810321e-01 -1.670260911646443691e-01
3.264559223263068244e-01 -1.681061238716531347e-01
3.357732691621110321e-01 -1.693407423329826023e-01
3.451372540584295434e-01 -1.707174963378883248e-01
3.545627052952037284e-01 -1.720245773445721049e-01
3.640736861337621755e-01 -1.729443734210105443e-01
3.736622702192391454e-01 -1.735246851691567560e-01
3.832596535338688160e-01 -1.745089343173552854e-01
3.928964782291257674e-01 -1.755036707246970529e-01
4.025739945565157685e-01 -1.764512151186424793e-01
4.123481529954869940e-01 -1.766684986130187540e-01
4.222104261366989020e-01 -1.762092918175858502e-01
4.319875905212118838e-01 -1.770097207167964093e-01
4.417735162935794713e-01 -1.779529054605881178e-01
4.516075168935485551e-01 -1.785454573645711140e-01
4.614947735784052929e-01 -1.786840427415094246e-01
4.713938772508408093e-01 -1.787977976808666769e-01
4.813108618018131502e-01 -1.787735392657265610e-01
4.912535756204751136e-01 -1.784773188617118922e-01
5.012099565534308132e-01 -1.780027577399634908e-01
5.111434768649915084e-01 -1.777231286940323951e-01
5.210322063387478053e-01 -1.778448800168191402e-01
5.308927198314747908e-01 -1.781343881698822518e-01
5.407376127888250394e-01 -1.784035749051754993e-01
5.505642635473428914e-01 -1.786383719612367194e-01
5.603730472163089837e-01 -1.787905526312181803e-01
5.701760873642175431e-01 -1.786777166818509510e-01
5.799985805234314507e-01 -1.779681683053588870e-01
5.898176617964823176e-01 -1.768797024959961051e-01
5.995488183363153478e-01 -1.763349166834113080e-01
6.092121945983672848e-01 -1.760603499414654660e-01
6.188555097212126155e-01 -1.754675582270566747e-01
6.284863033718750547e-01 -1.744275647030235077e-01
6.380435556622195969e-01 -1.735952622857928895e-01
6.474845698178761655e-01 -1.734163568130702715e-01
6.568449620190367488e-01 -1.734416965471118066e-01
6.661691905653510659e-01 -1.731213438718308961e-01
6.754615179696175087e-01 -1.723650974357331112e-01
6.846837520542442546e-01 -1.715683277308635846e-01
6.938329370507746452e-01 -1.707239798331059710e-01
7.029127329913957833e-01 -1.697497243972551084e-01
7.119293595066360503e-01 -1.685343360700482240e-01
7.209016357284716570e-01 -1.668229525404498481e-01
7.298022122013833046e-01 -1.648888123911197712e-01
7.385449741736286322e-01 -1.636772515062917821e-01
7.471481751214262834e-01 -1.629410935674309169e-01
7.556904038183718253e-01 -1.617439637975196520e-01
7.641630991437452503e-01 -1.601460672899654436e-01
7.725320421177950259e-01 -1.585013465266299770e-01
7.807807828066810618e-01 -1.569611240983350975e-01
7.889121066106539182e-01 -1.554573572817255778e-01
7.969308298173920502e-01 -1.538992998984916039e-01
8.048354408526160464e-01 -1.522690571930597481e-01
8.126256098716687637e-01 -1.505357645386744547e-01
8.202987378923458639e-01 -1.486950445504803264e-01
8.278260320325112609e-01 -1.470424816766812137e-01
8.352183427803955285e-01 -1.454211118411050663e-01
8.425086797504739433e-01 -1.434212811281695976e-01
8.496876960186079408e-01 -1.411180758363512477e-01
8.567385813513515025e-01 -1.386725034367111142e-01
8.636463809479474341e-01 -1.362249910188074731e-01
8.703880375898833677e-01 -1.340092159515572090e-01
8.769682946987341632e-01 -1.319417437141783001e-01
8.834017745773514729e-01 -1.298268859425635580e-01
8.896850744655770971e-01 -1.276756551192146927e-01
8.958003852210250084e-01 -1.256644137469922762e-01
9.017321752605965690e-01 -1.239441866422339028e-01
9.074587900303529020e-01 -1.227366897794042316e-01
9.129974201474200246e-01 -1.218203521477730783e-01
9.183966335742866915e-01 -1.206156831811351915e-01
9.236669688406869971e-01 -1.189786053701030605e-01
9.287843532016739623e-01 -1.171613937580289755e-01
9.337329012274047102e-01 -1.153234947523392312e-01
9.385037120579018399e-01 -1.135452822027085695e-01
9.430904978200638222e-01 -1.118780331632177466e-01
9.474919128084158260e-01 -1.103173132739640599e-01
9.517090823421742174e-01 -1.088312297898428316e-01
9.557426412863011533e-01 -1.073942888689037034e-01
9.595925991886843365e-01 -1.059889441809698379e-01
9.632762207445861868e-01 -1.044012290709818019e-01
