1.243792686040159134e+00 2.614495515597306530e-01
1.242677803445782825e+00 2.604689994044411261e-01
1.241505951073235359e+00 2.594370578055694709e-01
1.240278538061236002e+00 2.583516150850140303e-01
1.238995678068909534e+00 2.572140607265253065e-01
1.237656674116616395e+00 2.560280036509968715e-01
1.236259470955762829e+00 2.548007184960197069e-01
1.234800910442888977e+00 2.535424701367348099e-01
1.233277001695957775e+00 2.522657991188665960e-01
1.231685265602149304e+00 2.509793261312205370e-01
1.230027065972114864e+00 2.496815917322937339e-01
1.228305392992917966e+00 2.483669121589240636e-01
1.226522663222279874e+00 2.470311914003882892e-01
1.224679087814588563e+00 2.456762318406023327e-01
1.222764907859160699e+00 2.443302494237664657e-01
1.220783842334380420e+00 2.429859176216996874e-01
1.218745188035632587e+00 2.416212403313521273e-01
1.216656858785839290e+00 2.402179429371222308e-01
1.214517978587182911e+00 2.387810419405821949e-01
1.212316557357298041e+00 2.373449851646827480e-01
1.210044706827836158e+00 2.359334466426805943e-01
1.207685664872817144e+00 2.345936103301570208e-01
1.205240010238195270e+00 2.333269034111175866e-01
1.202737884925076717e+00 2.320567006941234300e-01
1.200200916961689623e+00 2.307289325468619146e-01
1.197623968610301404e+00 2.293603092827851408e-01
1.194986340715393558e+00 2.280087153786751197e-01
1.192266948640199331e+00 2.267331097867794631e-01
1.189479386325510424e+00 2.255008770655979600e-01
1.186650366387513422e+00 2.242447924909151125e-01
1.183790083776138591e+00 2.229413270241897282e-01
1.180900968509304150e+00 2.215875191718048032e-01
1.177988738763642296e+00 2.201717687343842655e-01
1.175042495124924979e+00 2.187264311721373033e-01
1.172009055240762487e+00 2.173956301814957415e-01
1.168874702891242290e+00 2.162192557584052821e-01
1.165631408320774831e+00 2.152222167088893856e-01
1.162376614633801486e+00 2.141507797654355061e-01
1.159125164479778647e+00 2.129695026558537929e-01
1.155844150778491786e+00 2.117691487061840461e-01
1.152498113431356108e+00 2.106472648671990633e-01
1.149081142769479813e+00 2.096233552484336182e-01
1.145638877169406378e+00 2.085807566557741355e-01
1.142185001950327683e+00 2.074872668760975869e-01
1.138700640613550918e+00 2.063967516226933308e-01
1.135167406352824537e+00 2.053618130095014593e-01
1.131547806763104180e+00 2.044855634119572829e-01
1.127881049046129958e+00 2.036684836975808932e-01
1.124228292314534805e+00 2.027530780969382662e-01
1.120580827299576754e+00 2.017664837007562273e-01
1.116890329846233820e+00 2.008405319043827797e-01
1.113130555206005123e+00 2.000487357618551121e-01
1.109320309649366898e+00 1.993455918831721907e-01
1.105493233749954118e+00 1.986464185652025149e-01
1.101689515773524919e+00 1.978492493517634010e-01
1.097912974977062639e+00 1.969482275392521187e-01
1.094148855280689503e+00 1.959865894010596188e-01
1.090389082058592196e+00 1.949899280677866997e-01
1.086634216816189324e+00 1.939610271419864029e-01
1.082873855451221612e+00 1.929316514987139408e-01
1.079085327396597904e+00 1.919659827913982042e-01
1.075267066862496623e+00 1.910724430048744149e-01
1.071451601960669908e+00 1.901693724202117852e-01
1.067648879425472153e+00 1.892347775369989105e-01
1.063841841105678920e+00 1.883180173623060227e-01
1.060014835870979999e+00 1.874647307078755598e-01
1.056167583133564847e+00 1.866799395650745041e-01
1.052361091203334098e+00 1.858067201944063884e-01
1.048624335297881460e+00 1.847727803982598116e-01
1.044912108037973741e+00 1.837018268926096098e-01
1.041169276541919153e+00 1.827437810853216882e-01
1.037391250849651891e+00 1.819150054286290397e-01
1.033622470331462262e+00 1.811023010348955520e-01
1.029890404639667301e+00 1.802372912459931642e-01
1.026200577566235062e+00 1.793095681461056023e-01
1.022527795902797187e+00 1.783898663696003029e-01
1.018853322399285721e+00 1.775318416566977198e-01
1.015212146426947903e+00 1.766471688754123193e-01
1.011632191621824717e+00 1.756661683073635905e-01
1.008095073721207546e+00 1.746414911964537797e-01
1.004580823294807468e+00 1.736299500420993569e-01
1.001097713827039826e+00 1.726137041156371454e-01
9.976491675884994192e-01 1.715877004668397154e-01
9.942312533660169205e-01 1.705662839600997627e-01
9.908311855354862141e-01 1.695871615367712248e-01
9.874360860287455521e-01 1.686882494782249164e-01
9.840522760000548486e-01 1.678566987063761506e-01
9.806890050720754592e-01 1.670718844899357625e-01
9.773593060010924427e-01 1.663031467258724305e-01
9.740748133200134440e-01 1.655234788457115025e-01
9.708394404026728930e-01 1.647262330608149083e-01
9.676457736252777053e-01 1.639346464059129871e-01
9.644873692553473932e-01 1.631693480031765620e-01
9.613653908846210294e-01 1.624308199757518723e-01
9.582836440442987769e-01 1.617125157893845311e-01
9.552428282261595793e-01 1.610160464130007130e-01
9.522453646609532196e-01 1.603384228270520462e-01
9.493080886348481684e-01 1.596385185675586182e-01
9.464522403383647253e-01 1.588635149787030465e-01
9.436634665270986488e-01 1.580545850696373766e-01
9.409338835936320589e-01 1.572357515843915143e-01
9.382502208039916747e-01 1.564452141510390415e-01
9.356188926364555902e-01 1.556691009624862065e-01
9.330431234199874080e-01 1.549019097331030825e-01
9.305259508993268813e-01 1.541385703859834422e-01
9.280736464150556309e-01 1.533654069678734022e-01
9.256941973272078128e-01 1.525641463177793700e-01
9.233838440132581260e-01 1.517474894219705273e-01
9.211250262675385603e-01 1.509645364359517850e-01
9.189025239840679093e-01 1.502581380984096826e-01
9.167216598093027580e-01 1.496167989550291344e-01
9.146030399382516496e-01 1.489885724261258426e-01
9.125596478766151431e-01 1.483415835710071295e-01
9.105930459654064668e-01 1.476740646164603765e-01
9.086970791019740590e-01 1.470045679215803147e-01
9.068680746591895048e-01 1.463450144664260044e-01
9.051110536467369405e-01 1.456842816179314826e-01
9.034402460308659233e-01 1.449868406952806166e-01
9.018600709508634017e-01 1.442430109632748536e-01
9.003567935291872937e-01 1.434910035495356728e-01
8.989074223055577573e-01 1.427934115532146497e-01
8.974959731718317180e-01 1.421942361325006232e-01
8.961315895755109784e-01 1.416710079179415438e-01
8.948324836333220178e-01 1.411772177584393884e-01
8.936186873258593621e-01 1.406614691636620673e-01
8.925140999568718092e-01 1.400620678302121891e-01
8.915269426733782865e-01 1.393586648909110604e-01
8.906371555241063831e-01 1.386055563542622493e-01
8.898132230436628376e-01 1.378872253958808858e-01
8.890479186738520223e-01 1.372238966043793362e-01
8.883523909677573105e-01 1.365871611985281231e-01
8.877392797694906301e-01 1.359445876954689103e-01
8.872245864061830689e-01 1.352547800405919931e-01
8.868187284999820008e-01 1.344910125815743929e-01
8.865143941963141705e-01 1.336733217799532247e-01
8.863002866717767381e-01 1.328321896653561207e-01
8.861611873281262097e-01 1.320083766147567561e-01
8.860793744408593797e-01 1.312491727303760625e-01
8.860502610635839771e-01 1.305670785873749018e-01
8.860668644571665364e-01 1.299808405552158042e-01
8.861069221653773420e-01 1.295494930811030010e-01
8.861299999999999732e-01 1.293799999999999950e-01
8.862292878689962405e-01 1.292261737254585263e-01
8.864945897624455506e-01 1.288506883474831444e-01
8.868864877432480753e-01 1.283575683794842826e-01
8.873844035688590592e-01 1.278009747117860861e-01
8.879812345858942857e-01 1.271993779393054691e-01
8.886744296921278430e-01 1.265591379127319338e-01
8.894518019461403746e-01 1.259119903541430496e-01
8.903006986902367581e-01 1.252908173880547538e-01
8.912121970319587527e-01 1.247185622936487215e-01
8.921759753824227701e-01 1.242217803700499806e-01
8.931914462213617067e-01 1.238012237973437901e-01
8.942693563334382922e-01 1.234276137431886133e-01
8.954200159001821646e-01 1.230727422524061782e-01
8.966533580033184681e-01 1.227093154021137583e-01
8.979760108017490472e-01 1.223186897172647003e-01
8.993782357799656735e-01 1.219253848729482947e-01
9.008338639649814406e-01 1.215972526975268864e-01
9.023253119292939939e-01 1.213793794347788613e-01
9.038570298128408842e-01 1.212585534006023619e-01
9.054453141406493266e-01 1.211901825143351513e-01
9.071083773662416139e-01 1.211245335304378390e-01
9.088625941229796501e-01 1.210166509663160028e-01
9.107150623111850418e-01 1.208460131429317519e-01
9.126548715353040020e-01 1.206396037449801173e-01
9.146616978197993353e-01 1.204492032528302753e-01
9.167195125571019343e-01 1.203151673840762714e-01
9.188247723264961753e-01 1.202447884190243066e-01
9.209845865173836854e-01 1.202171375849939161e-01
9.232073425746117890e-01 1.202078362297047537e-01
9.254919487332166073e-01 1.202174799456408733e-01
9.278301958720084341e-01 1.202653988835461624e-01
9.302172454352731767e-01 1.203619470848451695e-01
9.326573238355763129e-01 1.204934574609942688e-01
9.351640042758019300e-01 1.206214981283982995e-01
9.377507990697588891e-01 1.207077307423537471e-01
9.404128713086479241e-01 1.207622336622799913e-01
9.431320489289971576e-01 1.208302546438763808e-01
9.458922353585859089e-01 1.209514933196178810e-01
9.486923205281675431e-01 1.211259883336690407e-01
9.515381971876591960e-01 1.213352132674080236e-01
9.544323127698943754e-01 1.215696842598953803e-01
9.573748356634182999e-01 1.218258796150071405e-01
9.603669011196789285e-01 1.220976645420750184e-01
9.634100867398616153e-01 1.223776782686138986e-01
9.664878281082504019e-01 1.227064396129406570e-01
9.695898104889021374e-01 1.231078995757244471e-01
9.727022066391959321e-01 1.236152366529049140e-01
9.758465345105469257e-01 1.241681868386874249e-01
9.790343408728605645e-01 1.247327816217967122e-01
9.822637693285599658e-01 1.253104174608659360e-01
9.855332136851600033e-01 1.259017816894158481e-01
9.888437347871059657e-01 1.265004680585131713e-01
9.921921103568949185e-01 1.271113421197890003e-01
9.955677607984791955e-01 1.277586654099074071e-01
9.989621242569503012e-01 1.284613257496762806e-01
1.002379420988965597e+00 1.292043966695617385e-01
1.005830124440258100e+00 1.299563898530304018e-01
1.009324168860829873e+00 1.306872037255220054e-01
1.012867065661801291e+00 1.313783864694614834e-01
1.016458562317240855e+00 1.320266810436242499e-01
1.020077113265072333e+00 1.326850582963751135e-01
1.023709095763412957e+00 1.333855232544371439e-01
1.027351478291584908e+00 1.341320661288191995e-01
1.031008315296612077e+00 1.349099255993355673e-01
1.034672868559976644e+00 1.357328300055947179e-01
1.038311719143630851e+00 1.366849789637210877e-01
1.041933218599195854e+00 1.377401805568835291e-01
1.045579423459271684e+00 1.387831639421051033e-01
1.049245561394487325e+00 1.398223705782110915e-01
1.052890297179500445e+00 1.409628307238883771e-01
1.056514697344535181e+00 1.421975216412005583e-01
1.060146826338251413e+00 1.434480698463478365e-01
1.063827665737931305e+00 1.446019575602260632e-01
1.067558511853923253e+00 1.456515124287661445e-01
1.071258430507024739e+00 1.468063238000623660e-01
1.074883658949373766e+00 1.481777560514021819e-01
1.078488648074248601e+00 1.496176621870120571e-01
1.082118635947306728e+00 1.510022318431358257e-01
1.085759182763270436e+00 1.523653336322322582e-01
1.089390226566439690e+00 1.537556887175485221e-01
1.092995913668490804e+00 1.552108981798479836e-01
1.096602917521749321e+00 1.566561970946768190e-01
1.100232186891516584e+00 1.580319490359220480e-01
1.103855561792277173e+00 1.594082787859429917e-01
1.107456278426557139e+00 1.608252055364302602e-01
1.111026508226654386e+00 1.622991469955361588e-01
1.114559156341406343e+00 1.638445914065771447e-01
1.118035081614350279e+00 1.655078670742055613e-01
1.121446173685413994e+00 1.673061688191991025e-01
1.124827280103462002e+00 1.691432005902200053e-01
1.128215853150897452e+00 1.709157998192871453e-01
1.131636638783285909e+00 1.725543945342379593e-01
1.135063077903158080e+00 1.741249920282356978e-01
1.138440373585519083e+00 1.757682313789375728e-01
1.141750868874385372e+00 1.775266413459054282e-01
1.145054206027962262e+00 1.792385316830063247e-01
1.148391309963973095e+00 1.807916933630707712e-01
1.151714847746986514e+00 1.823071427788862386e-01
1.154978017624753051e+00 1.839045215262023469e-01
1.158159371778627822e+00 1.856365103497056857e-01
1.161285297338092493e+00 1.874294305015881679e-01
1.164398126746839957e+00 1.891675053004650275e-01
1.167471334165127939e+00 1.909169329818348193e-01
1.170457511708236309e+00 1.927991235589524288e-01
1.173337517561381382e+00 1.948608392925656463e-01
1.176190116597447100e+00 1.968901890688626033e-01
1.179071874562152011e+00 1.987339780641949050e-01
1.181946035643844706e+00 2.004856316161282015e-01
1.184757971882497873e+00 2.022858413424117874e-01
1.187486632481852267e+00 2.041866252193099140e-01
1.190138246044149417e+00 2.061679691852001950e-01
1.192715889500851167e+00 2.082182346675037765e-01
1.195230796968721476e+00 2.103042792590678056e-01
1.197712351434737865e+00 2.123450576554584135e-01
1.200164650342767869e+00 2.143263870584433683e-01
1.202565582954178813e+00 2.163033863194547268e-01
1.204895191581607961e+00 2.183255400893078790e-01
1.207152858452054556e+00 2.203912882974000120e-01
1.209364202430226465e+00 2.224298046109982052e-01
1.211552461687757987e+00 2.243766114682184953e-01
1.213709571057110415e+00 2.262500018040544125e-01
1.215823915436779368e+00 2.280777091164535864e-01
1.217883854700410273e+00 2.298875949703679811e-01
1.219879333239977992e+00 2.317033973309643446e-01
1.221813006255702216e+00 2.335153333589514713e-01
1.223691848421885719e+00 2.353022723958241857e-01
1.225528298406593608e+00 2.370287129248427327e-01
1.227316332564159396e+00 2.387080026073242489e-01
1.229049231475333848e+00 2.403553958513901800e-01
1.230727650805854001e+00 2.419667296558079550e-01
1.232353635304122230e+00 2.435342410037804051e-01
1.233929729204592762e+00 2.450489183106640823e-01
1.235456538001280968e+00 2.465069446931571207e-01
1.236931260499044116e+00 2.479135775051984902e-01
1.238350148771102832e+00 2.492766493808609707e-01
1.239710124502863886e+00 2.506022982769069429e-01
1.241009317608700036e+00 2.518935450979564727e-01
1.242247083962249476e+00 2.531502475984640510e-01
1.243423539511587572e+00 2.543703320814221236e-01
1.244539982829906632e+00 2.555486776086842160e-01
1.245598667381519142e+00 2.566777183881349678e-01
9.653343199999999680e-01 8.087477999999999334e-02
9.618732399999999627e-01 7.991840999999999529e-02
9.582385900000000012e-01 7.886224000000000012e-02
9.544365700000000396e-01 7.765212999999999977e-02
9.504705500000000251e-01 7.626684000000000241e-02
9.463380500000000417e-01 7.475318000000000240e-02
9.420334099999999600e-01 7.319470000000000143e-02
9.375522400000000367e-01 7.166155000000000441e-02
9.328966400000000547e-01 7.015030999999999350e-02
9.280712599999999535e-01 6.862920999999999605e-02
9.230776299999999823e-01 6.710280999999999885e-02
9.179188700000000534e-01 6.555837999999999943e-02
9.125985100000000294e-01 6.397914000000000379e-02
9.071113100000000040e-01 6.244941999999999854e-02
9.014479100000000189e-01 6.110142999999999824e-02
8.956239299999999570e-01 5.978217999999999727e-02
8.896566700000000383e-01 5.832050999999999902e-02
8.835448500000000482e-01 5.675811000000000051e-02
8.772945399999999561e-01 5.505353999999999803e-02
8.709133599999999698e-01 5.314810999999999841e-02
8.643976300000000279e-01 5.111339000000000160e-02
8.577314499999999509e-01 4.916083000000000258e-02
8.509018299999999702e-01 4.746969999999999662e-02
8.439259999999999540e-01 4.587407000000000290e-02
8.368349400000000271e-01 4.405131999999999798e-02
8.296186500000000130e-01 4.214832000000000300e-02
8.222432600000000313e-01 4.058521999999999824e-02
8.147283699999999795e-01 3.917157000000000278e-02
8.071063600000000227e-01 3.757111999999999952e-02
7.993540599999999774e-01 3.608341999999999800e-02
7.914597599999999566e-01 3.487765000000000309e-02
7.834798099999999987e-01 3.334498999999999796e-02
7.754411799999999522e-01 3.121335000000000082e-02
7.672510599999999847e-01 2.958082000000000072e-02
7.589155800000000340e-01 2.841453000000000034e-02
7.504864700000000166e-01 2.716044000000000097e-02
7.419645799999999847e-01 2.584710000000000132e-02
7.333511700000000522e-01 2.449843000000000159e-02
7.246640100000000251e-01 2.295041999999999915e-02
7.158817899999999623e-01 2.148608000000000115e-02
7.070045799999999936e-01 2.014447000000000113e-02
6.980545599999999906e-01 1.871190000000000006e-02
6.890342900000000492e-01 1.719969999999999832e-02
6.799126699999999968e-01 1.600452999999999945e-02
6.706905100000000175e-01 1.515821000000000009e-02
6.614165300000000025e-01 1.414509000000000079e-02
6.521242800000000006e-01 1.262314999999999965e-02
6.427591999999999750e-01 1.125848999999999947e-02
6.333196399999999615e-01 1.011246000000000020e-02
6.238062399999999563e-01 9.220300000000000717e-03
6.142391799999999957e-01 8.394020000000000301e-03
6.046360299999999910e-01 7.475629999999999602e-03
5.949955300000000502e-01 6.522779999999999724e-03
5.853208300000000142e-01 5.543000000000000184e-03
5.756178800000000262e-01 4.511639999999999921e-03
5.658712900000000268e-01 3.648649999999999810e-03
5.560832399999999787e-01 2.972750000000000132e-03
5.462842300000000373e-01 2.179089999999999847e-03
5.364956400000000514e-01 1.067409999999999973e-03
5.267049400000000103e-01 -1.751099999999999955e-04
5.168808099999999683e-01 -1.145879999999999945e-03
5.070242900000000441e-01 -1.812650000000000068e-03
4.971443500000000126e-01 -2.233639999999999844e-03
4.872490300000000274e-01 -2.456550000000000053e-03
4.773551200000000216e-01 -2.629289999999999839e-03
4.674971499999999724e-01 -3.102319999999999991e-03
4.576706199999999725e-01 -3.780130000000000035e-03
4.478549399999999792e-01 -4.383080000000000136e-03
4.380383700000000102e-01 -4.732759999999999918e-03
4.282551800000000131e-01 -5.177189999999999917e-03
4.185023299999999780e-01 -5.637810000000000044e-03
4.087380400000000247e-01 -5.592960000000000119e-03
3.989996900000000180e-01 -5.426560000000000411e-03
3.893331800000000009e-01 -5.620260000000000186e-03
3.797174600000000066e-01 -5.890099999999999676e-03
3.701612599999999920e-01 -6.292769999999999614e-03
3.606645600000000229e-01 -6.785260000000000423e-03
3.512082200000000154e-01 -7.105990000000000396e-03
3.417560900000000124e-01 -6.799310000000000249e-03
3.323312400000000277e-01 -6.086880000000000242e-03
3.230047699999999966e-01 -5.740239999999999752e-03
3.137700999999999962e-01 -5.642340000000000029e-03
3.046076400000000128e-01 -5.528240000000000237e-03
2.955103800000000169e-01 -5.276679999999999739e-03
2.864775700000000147e-01 -4.838720000000000347e-03
2.775138500000000064e-01 -4.227149999999999831e-03
2.686390000000000167e-01 -3.628500000000000215e-03
2.598453099999999960e-01 -2.915080000000000015e-03
2.511028799999999728e-01 -1.706070000000000069e-03
2.424627799999999889e-01 -5.469200000000000016e-04
2.339438000000000073e-01 3.856299999999999789e-04
2.255235999999999907e-01 1.384540000000000076e-03
2.172257300000000058e-01 2.217910000000000020e-03
2.090414499999999898e-01 3.022369999999999918e-03
2.009337800000000063e-01 4.257069999999999951e-03
1.929086600000000096e-01 5.889679999999999568e-03
1.850185900000000105e-01 7.355089999999999892e-03
1.772618099999999919e-01 8.708149999999999571e-03
1.696141399999999966e-01 1.025928000000000083e-02
1.621296200000000021e-01 1.142414999999999924e-02
1.548073600000000050e-01 1.224569999999999999e-02
1.475698599999999971e-01 1.364300000000000061e-02
1.404670500000000100e-01 1.507648999999999968e-02
1.335249900000000101e-01 1.627933999999999978e-02
1.266877999999999893e-01 1.792117000000000016e-02
1.199850799999999940e-01 1.969345999999999944e-02
1.134720099999999982e-01 2.099420000000000106e-02
1.071542600000000012e-01 2.178706000000000045e-02
1.009987600000000069e-01 2.247843000000000063e-02
9.496928000000000314e-02 2.350953999999999891e-02
8.908401000000000514e-02 2.469916999999999946e-02
8.335159999999999791e-02 2.597409999999999997e-02
7.782345999999999708e-02 2.677134000000000111e-02
7.245195999999999581e-02 2.766009999999999996e-02
6.720742000000000382e-02 2.900348000000000162e-02
6.214820000000000066e-02 3.015697000000000169e-02
5.729828000000000005e-02 3.086822999999999997e-02
5.263286999999999827e-02 3.144232000000000277e-02
4.816327000000000108e-02 3.177067000000000085e-02
4.391185000000000227e-02 3.161702999999999736e-02
3.983749000000000318e-02 3.147094999999999754e-02
3.593999999999999972e-02 3.135280000000000011e-02
3.219823000000000129e-02 3.152183000000000068e-02
2.864086000000000062e-02 3.166672000000000237e-02
2.531910999999999884e-02 3.121755000000000016e-02
2.218115000000000017e-02 3.078207999999999986e-02
1.922965999999999911e-02 3.034376999999999908e-02
1.650957000000000119e-02 2.940219000000000166e-02
1.400106999999999914e-02 2.819636999999999838e-02
1.171736999999999952e-02 2.658693000000000167e-02
9.636749999999999483e-03 2.483302999999999899e-02
7.712019999999999986e-03 2.348445999999999867e-02
6.016350000000000170e-03 2.171340000000000076e-02
4.553360000000000220e-03 1.948679999999999857e-02
3.215580000000000001e-03 1.804118000000000041e-02
2.108930000000000179e-03 1.617156999999999969e-02
1.224749999999999927e-03 1.398286999999999967e-02
5.536999999999999604e-04 1.158644999999999987e-02
1.431000000000000089e-04 8.445269999999999513e-03
-7.232999999999999358e-05 5.308890000000000137e-03
-1.675000000000000057e-05 1.312049999999999935e-03
0.000000000000000000e+00 0.000000000000000000e+00
1.974099999999999954e-04 -1.137329999999999982e-03
7.665799999999999958e-04 -4.286139999999999915e-03
1.504109999999999909e-03 -7.121240000000000035e-03
2.455049999999999854e-03 -1.016015999999999968e-02
3.597139999999999973e-03 -1.315142000000000047e-02
4.910989999999999626e-03 -1.587701999999999863e-02
6.418850000000000250e-03 -1.859620999999999844e-02
8.122549999999999215e-03 -2.133581999999999840e-02
1.001252000000000045e-02 -2.399275000000000019e-02
1.208528000000000033e-02 -2.653468000000000146e-02
1.440925000000000018e-02 -2.975252000000000105e-02
1.692222999999999991e-02 -3.294367000000000129e-02
1.959984999999999852e-02 -3.583965000000000067e-02
2.247943999999999984e-02 -3.887818999999999997e-02
2.557925000000000129e-02 -4.227970999999999813e-02
2.886785999999999866e-02 -4.569716000000000056e-02
3.232916999999999735e-02 -4.895999000000000184e-02
3.597158999999999773e-02 -5.217850999999999739e-02
3.978761000000000103e-02 -5.528170999999999780e-02
4.377111999999999670e-02 -5.821574000000000193e-02
4.794744000000000089e-02 -6.128667000000000142e-02
5.231113999999999903e-02 -6.444990999999999914e-02
5.682170999999999750e-02 -6.726036000000000514e-02
6.150797000000000209e-02 -7.006663000000000474e-02
6.639863000000000015e-02 -7.321708999999999856e-02
7.146740999999999511e-02 -7.643160000000000232e-02
7.672262999999999999e-02 -7.982675000000000187e-02
8.212901000000000229e-02 -8.302120000000000333e-02
8.767740999999999729e-02 -8.593328999999999551e-02
9.338876999999999595e-02 -8.882618999999999931e-02
9.924344000000000221e-02 -9.149941000000000324e-02
1.052226099999999942e-01 -9.376294000000000295e-02
1.113665499999999947e-01 -9.610330999999999735e-02
1.177149599999999935e-01 -9.900100000000000566e-02
1.241810200000000031e-01 -1.014902099999999974e-01
1.307883499999999977e-01 -1.038690699999999939e-01
1.375433299999999914e-01 -1.062389900000000054e-01
1.444735799999999903e-01 -1.089452800000000054e-01
1.515571400000000069e-01 -1.117665300000000028e-01
1.587463299999999911e-01 -1.141880400000000045e-01
1.660099100000000105e-01 -1.158834599999999937e-01
1.733945899999999873e-01 -1.174190100000000042e-01
1.809513500000000108e-01 -1.194101800000000047e-01
1.886106100000000119e-01 -1.210938200000000048e-01
1.963915900000000048e-01 -1.227236200000000055e-01
2.043360700000000085e-01 -1.248113299999999981e-01
2.123471000000000108e-01 -1.262829099999999982e-01
2.204361599999999921e-01 -1.273046700000000087e-01
2.286413499999999932e-01 -1.283483400000000052e-01
2.369178200000000012e-01 -1.289368399999999970e-01
2.453168500000000030e-01 -1.296937200000000123e-01
2.538564400000000165e-01 -1.308619799999999889e-01
2.624612900000000137e-01 -1.316179399999999888e-01
2.711463800000000202e-01 -1.321711499999999873e-01
2.798845799999999939e-01 -1.322499299999999878e-01
2.886800299999999764e-01 -1.319404499999999869e-01
2.975944099999999759e-01 -1.319876399999999894e-01
3.065801200000000115e-01 -1.318869099999999961e-01
3.156266300000000191e-01 -1.315580199999999977e-01
3.247504900000000028e-01 -1.312306900000000109e-01
3.339410700000000065e-01 -1.308242300000000136e-01
3.431687400000000276e-01 -1.300408999999999871e-01
3.523946800000000157e-01 -1.284783200000000070e-01
3.616582500000000144e-01 -1.266283099999999939e-01
3.710335900000000242e-01 -1.253811200000000126e-01
3.804677100000000145e-01 -1.241728299999999979e-01
3.899359399999999809e-01 -1.227640299999999962e-01
3.994309799999999910e-01 -1.211138999999999966e-01
4.089517200000000186e-01 -1.192530400000000046e-01
4.184726100000000226e-01 -1.169321299999999952e-01
4.280452299999999988e-01 -1.147848399999999991e-01
4.376815800000000145e-01 -1.129917700000000053e-01
4.473290699999999953e-01 -1.109951700000000041e-01
4.569926300000000108e-01 -1.088954599999999995e-01
4.666923599999999728e-01 -1.069663200000000036e-01
4.763961600000000129e-01 -1.048848399999999931e-01
4.860763799999999746e-01 -1.023787500000000045e-01
4.957437499999999830e-01 -9.961504000000000192e-02
5.054267599999999749e-01 -9.696377999999999941e-02
5.151228700000000105e-01 -9.444015000000000049e-02
5.248353500000000338e-01 -9.212594999999999812e-02
5.345626900000000070e-01 -9.004818000000000544e-02
5.442734200000000078e-01 -8.789109999999999978e-02
5.539339800000000480e-01 -8.531494000000000577e-02
5.635510099999999634e-01 -8.243994000000000322e-02
5.731532299999999580e-01 -7.963863000000000192e-02
5.827407799999999582e-01 -7.695651000000000574e-02
5.922916499999999473e-01 -7.418586000000000624e-02
6.017971800000000426e-01 -7.127110000000000389e-02
6.112592500000000317e-01 -6.827745999999999815e-02
6.206650299999999509e-01 -6.510169000000000372e-02
6.300273299999999965e-01 -6.193345000000000100e-02
6.393565700000000129e-01 -5.893496000000000151e-02
6.486485600000000407e-01 -5.610108999999999929e-02
6.578901700000000519e-01 -5.332427000000000000e-02
6.670336500000000335e-01 -5.010082999999999898e-02
6.760871600000000203e-01 -4.656596000000000346e-02
6.851048899999999664e-01 -4.338149000000000172e-02
6.940720700000000409e-01 -4.041991000000000334e-02
7.029564799999999947e-01 -3.735382999999999759e-02
7.117525199999999996e-01 -3.416019000000000000e-02
7.204767100000000202e-01 -3.106826999999999853e-02
7.291193500000000549e-01 -2.800752000000000103e-02
7.376554800000000300e-01 -2.473206000000000016e-02
7.460962500000000164e-01 -2.140900000000000095e-02
7.544359099999999874e-01 -1.801128999999999925e-02
7.626671400000000212e-01 -1.449400999999999988e-02
7.708417899999999712e-01 -1.148823000000000032e-02
7.789449200000000406e-01 -8.860740000000000630e-03
7.868975700000000462e-01 -5.745629999999999835e-03
7.947062900000000374e-01 -2.254540000000000190e-03
8.024274599999999813e-01 9.314199999999999693e-04
8.100416799999999862e-01 3.998329999999999593e-03
8.175215900000000202e-01 7.224079999999999911e-03
8.248906700000000480e-01 1.030550000000000042e-02
8.321637499999999799e-01 1.303869000000000035e-02
8.393069300000000066e-01 1.577788999999999928e-02
8.463002800000000159e-01 1.871826000000000045e-02
8.531676999999999733e-01 2.155378000000000155e-02
8.599236700000000289e-01 2.408723999999999935e-02
8.665516300000000172e-01 2.647694000000000089e-02
8.730306799999999479e-01 2.893130999999999828e-02
8.793512500000000287e-01 3.152983000000000174e-02
8.855164899999999895e-01 3.420749000000000012e-02
8.915282500000000221e-01 3.691433999999999688e-02
8.973816500000000307e-01 3.967824999999999824e-02
9.030859799999999549e-01 4.236604000000000064e-02
9.086539999999999617e-01 4.480491999999999808e-02
9.140746299999999991e-01 4.709603999999999874e-02
9.193373999999999713e-01 4.933396000000000309e-02
9.244411000000000156e-01 5.150808999999999943e-02
9.293855600000000550e-01 5.359694999999999737e-02
9.341689399999999477e-01 5.559842000000000256e-02
9.387908600000000048e-01 5.749481000000000036e-02
9.432520500000000085e-01 5.925648000000000026e-02
9.475470099999999674e-01 6.092563000000000145e-02
9.516668400000000139e-01 6.258434000000000219e-02
9.556050699999999454e-01 6.428743000000000651e-02
9.593601200000000384e-01 6.603477000000000652e-02
9.629347900000000404e-01 6.777687000000000295e-02
9.663320499999999980e-01 6.946325000000000416e-02
