1.243871270489210312e+00 2.612419127142091568e-01
1.242742919118793976e+00 2.602969482755899677e-01
1.241552514774074911e+00 2.593140254091819141e-01
1.240301247883720759e+00 2.582916103209710323e-01
1.238990081925232412e+00 2.572288470719983344e-01
1.237620537347742466e+00 2.561234856078019595e-01
1.236193320899497738e+00 2.549755027119801065e-01
1.234708770528091692e+00 2.537859257537935509e-01
1.233166917984504840e+00 2.525566665237134467e-01
1.231567568590658635e+00 2.512903096894482657e-01
1.229909640028366447e+00 2.499918590649357064e-01
1.228192221039588139e+00 2.486659394349126639e-01
1.226413734529456345e+00 2.473190069707099092e-01
1.224573242193506495e+00 2.459559012005125278e-01
1.222669736951170094e+00 2.445817136472998032e-01
1.220702592155070709e+00 2.432005999619592795e-01
1.218677054857913999e+00 2.418012644268832667e-01
1.216593751428743264e+00 2.403846876166306767e-01
1.214452941240142358e+00 2.389528861135499782e-01
1.212253992920504286e+00 2.375102953193434785e-01
1.209996987913471322e+00 2.360595313885545665e-01
1.207683460490137861e+00 2.345994348346253089e-01
1.205317385590561896e+00 2.331224592872324641e-01
1.202901568986725067e+00 2.316242083880587499e-01
1.200435255860088368e+00 2.301097533210502144e-01
1.197913166103922178e+00 2.285961805724837370e-01
1.195331716686878654e+00 2.270961497393402806e-01
1.192687046333583245e+00 2.256231115477664306e-01
1.189973919965898741e+00 2.241942013122933952e-01
1.187200232168235337e+00 2.227919160340638693e-01
1.184380960583059750e+00 2.213800896608679736e-01
1.181522903048489948e+00 2.199442198770220624e-01
1.178623395287607734e+00 2.184948549234435322e-01
1.175674987947214589e+00 2.170552343767561121e-01
1.172669056635391449e+00 2.156517491811422715e-01
1.169603558490452722e+00 2.142934455376878100e-01
1.166490586948228048e+00 2.129520619841897833e-01
1.163340757813748461e+00 2.116032836740445178e-01
1.160157210530288641e+00 2.102425909953320737e-01
1.156940381673843721e+00 2.088726453867037758e-01
1.153694273067840559e+00 2.074867259949630949e-01
1.150418175740963500e+00 2.060905954470289014e-01
1.147100800051957581e+00 2.047180079409841036e-01
1.143727707427360851e+00 2.034110712916147312e-01
1.140279178354155265e+00 2.022258786569961497e-01
1.136769685574984035e+00 2.011282093905941148e-01
1.133235135114365910e+00 2.000272397219339804e-01
1.129694600700190010e+00 1.988766479553969457e-01
1.126143162914780893e+00 1.976935335488821388e-01
1.122568575606527563e+00 1.965143788806977265e-01
1.118960688365777889e+00 1.953701512119565553e-01
1.115319231666649591e+00 1.942657308671704164e-01
1.111665986561912067e+00 1.931477543724581247e-01
1.108009850076416836e+00 1.919969183783667155e-01
1.104345296247683184e+00 1.908320443160114732e-01
1.100668260383602881e+00 1.896681067544812027e-01
1.096966956335455157e+00 1.885404947011473931e-01
1.093232406083866293e+00 1.874771882677276347e-01
1.089472651103127188e+00 1.864612071961136985e-01
1.085709531848139120e+00 1.854391185556361898e-01
1.081954892632747134e+00 1.843839074574394610e-01
1.078205671038526159e+00 1.833079503358582274e-01
1.074448911597654543e+00 1.822497659305140627e-01
1.070677536068774360e+00 1.812323447848412927e-01
1.066888560821565912e+00 1.802678576669261012e-01
1.063088150384460473e+00 1.793443012182048546e-01
1.059283437788102189e+00 1.784471088830055785e-01
1.055484241226753328e+00 1.775546134088514527e-01
1.051698714355178810e+00 1.766495381300842160e-01
1.047933030304079471e+00 1.757198302085462016e-01
1.044185441084474197e+00 1.747743554409141031e-01
1.040453710069648263e+00 1.738232582117752167e-01
1.036737098661921097e+00 1.728727105933439978e-01
1.033035612875581100e+00 1.719269014053050326e-01
1.029351276625237510e+00 1.709846702420428632e-01
1.025684057671729210e+00 1.700502704599943515e-01
1.022033324749079819e+00 1.691295174737280915e-01
1.018394718865830662e+00 1.682380539044723844e-01
1.014766966848712482e+00 1.673833449632989578e-01
1.011152693371738742e+00 1.665625312756708054e-01
1.007559345252275307e+00 1.657599850798536500e-01
1.003994871863284954e+00 1.649587220268960708e-01
1.000459462935625155e+00 1.641622303070552347e-01
9.969504962750332933e-01 1.633813960447572655e-01
9.934640664670165711e-01 1.626304625509010782e-01
9.899988446357494976e-01 1.619168303878783521e-01
9.865566913861210097e-01 1.612394363122440222e-01
9.831418438054978504e-01 1.605908999057280018e-01
9.797695324714074117e-01 1.599347538977124172e-01
9.764573317542478703e-01 1.592282972532718388e-01
9.731971758016902951e-01 1.584965341546205053e-01
9.699750631038217552e-01 1.577801084018845557e-01
9.667794295873861632e-01 1.571131782780309794e-01
9.636025844860414136e-01 1.565196212307519708e-01
9.604579287535026655e-01 1.559675373323753944e-01
9.573561120764138010e-01 1.554322467652993478e-01
9.543060369479223759e-01 1.548936354698674800e-01
9.513153391736385300e-01 1.543348842024932499e-01
9.483775737545950824e-01 1.537763251769346529e-01
9.454753267183031440e-01 1.532672185754890282e-01
9.426211575629854789e-01 1.527775715843320559e-01
9.398502911854382802e-01 1.522174468157875549e-01
9.371557679250105410e-01 1.516083101256274213e-01
9.345229887205269703e-01 1.509917528732922787e-01
9.319597938320398622e-01 1.503500155917096015e-01
9.294520661623739688e-01 1.497232934398989856e-01
9.269726847312221851e-01 1.491860778603558979e-01
9.245284325962367378e-01 1.487232135654023291e-01
9.221557092746612838e-01 1.482412262609502096e-01
9.198614082586572538e-01 1.477245372884689323e-01
9.176244166507836475e-01 1.472315002017099694e-01
9.154418446474029691e-01 1.467722504498393532e-01
9.133292068192720992e-01 1.463082254149903061e-01
9.113170960364804785e-01 1.457609517465090487e-01
9.093969505802869113e-01 1.451553406568334981e-01
9.075453146207455024e-01 1.445555850633239436e-01
9.057595327183867173e-01 1.439708453413120481e-01
9.040526809082615189e-01 1.433686417712551620e-01
9.024297683792618097e-01 1.427377345662566022e-01
9.008883258985335152e-01 1.420865683354303188e-01
8.993896039684180499e-01 1.415193726687158648e-01
8.979428194616463355e-01 1.410135617260107332e-01
8.965786872432538468e-01 1.404896693110476713e-01
8.953017515665534498e-01 1.399373000256938226e-01
8.941024695779177245e-01 1.393832011409909533e-01
8.929927712215597335e-01 1.387973042544115576e-01
8.919849649361181188e-01 1.381484609000848129e-01
8.910457486246976533e-01 1.375259559916037766e-01
8.901380811553927241e-01 1.370288728325882999e-01
8.892844147904297447e-01 1.365990174939508972e-01
8.885268470411871178e-01 1.361262066697555839e-01
8.879011698551259046e-01 1.355168355016366233e-01
8.873795412785520087e-01 1.348453523332637238e-01
8.869166915460215961e-01 1.342321708637910782e-01
8.865225997590819862e-01 1.336516407272699547e-01
8.862264324362597590e-01 1.330273301592427848e-01
8.860491157225233172e-01 1.323044965097760484e-01
8.859740869948116160e-01 1.315273672588006537e-01
8.859715714379959861e-01 1.307749953343765037e-01
8.860138907728739577e-01 1.301208096557483207e-01
8.860859060666413933e-01 1.296050226232911273e-01
8.861299999999999732e-01 1.293799999999999950e-01
8.862488102428021097e-01 1.291745909605751252e-01
8.865423676013414189e-01 1.287244479089530436e-01
8.869560314743142326e-01 1.281738172657945207e-01
8.874769367862979097e-01 1.275564798954018364e-01
8.880846177119610108e-01 1.269262150781780840e-01
8.887562303957193821e-01 1.263430009560989054e-01
8.894706366274687248e-01 1.258622246367014641e-01
8.902360576205706755e-01 1.254616145017435347e-01
8.910748050733383607e-01 1.250815845966155027e-01
8.920079019827508171e-01 1.246658703534016810e-01
8.930188501567115633e-01 1.242572637395749774e-01
8.940628006005693074e-01 1.239733832233678584e-01
8.951398369002454558e-01 1.238130419527762871e-01
8.962857378075776982e-01 1.236806555839914945e-01
8.975368538339090208e-01 1.234790471022963187e-01
8.988937559524519116e-01 1.232054960562445622e-01
9.003203147647296234e-01 1.229541720924763881e-01
9.017945616600933079e-01 1.227817481538808347e-01
9.033279673455573144e-01 1.226564625447404133e-01
9.049283712561462245e-01 1.225560688319838887e-01
9.065852308233085521e-01 1.225068113923421798e-01
9.083011658830021373e-01 1.225000781965100149e-01
9.101033435275138750e-01 1.224623199766517595e-01
9.119989580536547180e-01 1.223726835048594697e-01
9.139565944929428642e-01 1.223122543084756847e-01
9.159612862877566375e-01 1.223185819159853804e-01
9.180226290081898721e-01 1.223642422622105153e-01
9.201482565688072768e-01 1.224269206539658622e-01
9.223378051572888037e-01 1.225053613463270574e-01
9.245697653302654695e-01 1.226541083048155040e-01
9.268273597875760217e-01 1.229151308512996532e-01
9.291313106618310780e-01 1.232312455960905412e-01
9.315026929092111718e-01 1.235442675824493797e-01
9.339381215836239924e-01 1.238605723984654156e-01
9.364199215364656936e-01 1.242242264088692094e-01
9.389397146202203004e-01 1.246546647698480587e-01
9.415291132121954565e-01 1.250655928781076731e-01
9.442041754174832491e-01 1.254117500443803213e-01
9.469412585166115948e-01 1.257527115455333300e-01
9.497155812243921469e-01 1.261509990750559473e-01
9.525303218109002490e-01 1.265951977258146788e-01
9.553771816264411409e-01 1.271041577348917540e-01
9.582377241619107755e-01 1.277234575680565587e-01
9.611365775203720707e-01 1.283848315326229783e-01
9.640973149279767895e-01 1.290227452300171107e-01
9.671003220235345754e-01 1.296857214874397313e-01
9.701319613170497069e-01 1.304064374291660222e-01
9.731966211741689410e-01 1.311698894979525520e-01
9.763013527859546459e-01 1.319539875733787837e-01
9.794541781223737864e-01 1.327340271124517468e-01
9.826660544025954680e-01 1.334774999205292356e-01
9.859294566351729516e-01 1.342006855735952686e-01
9.892276343933350535e-01 1.349441942181731635e-01
9.925432144967967218e-01 1.357502376597781724e-01
9.958647952054264785e-01 1.366452073728826044e-01
9.992079841488044067e-01 1.375840887344348673e-01
1.002585501762661702e+00 1.385294563447410643e-01
1.005998857743754860e+00 1.394734683069638881e-01
1.009446744336409241e+00 1.404156906675950167e-01
1.012923952206715050e+00 1.413659634535766041e-01
1.016423913779368027e+00 1.423376821021195560e-01
1.019939996232726687e+00 1.433443826045740499e-01
1.023471955389917198e+00 1.443826903452374577e-01
1.027026245273138239e+00 1.454315037543577327e-01
1.030606032475881007e+00 1.464783802973367577e-01
1.034210293505744449e+00 1.475219231012299681e-01
1.037831757664911647e+00 1.485772179558883521e-01
1.041464823841378173e+00 1.496549168748985137e-01
1.045105374640918905e+00 1.507617308223227759e-01
1.048752082113639128e+00 1.518969812991126378e-01
1.052402751504677880e+00 1.530622626598764080e-01
1.056054026285533576e+00 1.542622231318751536e-01
1.059701297539186404e+00 1.555048058887490425e-01
1.063337633886337841e+00 1.568040780936005019e-01
1.066963167057541462e+00 1.581554336383476367e-01
1.070584526387972302e+00 1.595370890056042601e-01
1.074208170198656997e+00 1.609277050148352484e-01
1.077840794663266877e+00 1.623053081676300857e-01
1.081485030851526918e+00 1.636586617557328760e-01
1.085138639526559201e+00 1.649893950710993873e-01
1.088792662913877551e+00 1.663168885464461344e-01
1.092427214653739709e+00 1.676893993786451320e-01
1.096038284796089668e+00 1.691132380166345262e-01
1.099629027910455692e+00 1.705757887243142534e-01
1.103220377223022242e+00 1.720174661715317965e-01
1.106821219234791487e+00 1.734105228707752411e-01
1.110420221477941727e+00 1.747806438586376743e-01
1.114002063069966297e+00 1.761640633653929477e-01
1.117559237887834289e+00 1.775763796735304878e-01
1.121082906419624603e+00 1.790367283594115067e-01
1.124578331107549012e+00 1.805270000855043189e-01
1.128065618773584244e+00 1.819898805763557059e-01
1.131542567912721564e+00 1.834270185600545555e-01
1.134996004319134055e+00 1.848690759691620222e-01
1.138408222413026083e+00 1.863587100389415552e-01
1.141754401345919767e+00 1.879574021834629627e-01
1.145053453762020501e+00 1.896111050489640570e-01
1.148341059373635398e+00 1.912214958262877240e-01
1.151625404978657841e+00 1.927629232548177529e-01
1.154885256085484979e+00 1.942875044183473288e-01
1.158100336754257276e+00 1.958448555207226716e-01
1.161259166484478245e+00 1.974613865057829876e-01
1.164361208274182768e+00 1.991346269050042195e-01
1.167408990954767356e+00 2.008540420249138037e-01
1.170401301219831103e+00 2.026190227337306693e-01
1.173342262025379501e+00 2.044148996534361495e-01
1.176243127309049008e+00 2.062082025577066102e-01
1.179111258397244288e+00 2.079757887897496493e-01
1.181938146667847134e+00 2.097364916837053117e-01
1.184713294617754098e+00 2.115144448998725335e-01
1.187429619435162120e+00 2.133248063054000165e-01
1.190087123135172398e+00 2.151640619896601492e-01
1.192695801022312097e+00 2.170023427827079687e-01
1.195268405239737763e+00 2.188025460335585315e-01
1.197805337747383181e+00 2.205602532933750304e-01
1.200298476193979003e+00 2.222936227599511261e-01
1.202744086675928248e+00 2.240092719803448151e-01
1.205136495699572929e+00 2.257189993029952713e-01
1.207470840179153626e+00 2.274325189738791442e-01
1.209748046126871035e+00 2.291443074745909136e-01
1.211970956867457927e+00 2.308438349034285242e-01
1.214141851172130693e+00 2.325221238349145514e-01
1.216260245999255529e+00 2.341775561568041897e-01
1.218325090815204348e+00 2.358100762812858353e-01
1.220335295249606489e+00 2.374197980593511226e-01
1.222290851368336151e+00 2.390040405483130626e-01
1.224193947855491738e+00 2.405543851322258231e-01
1.226047938114518621e+00 2.420594030735691571e-01
1.227849012329182310e+00 2.435266609157778761e-01
1.229596566732421348e+00 2.449553233792657325e-01
1.231288601558926388e+00 2.463483140164990925e-01
1.232923370748320702e+00 2.477079572243989225e-01
1.234499631485489468e+00 2.490353197929418838e-01
1.236016169685316246e+00 2.503314655530788357e-01
1.237472763407345244e+00 2.515949106425741100e-01
1.238869160868632857e+00 2.528243246478480422e-01
1.240205587298052858e+00 2.540171921531777510e-01
1.241482753086988966e+00 2.551697919542744719e-01
1.242701778915106248e+00 2.562773956137879838e-01
1.243863208933883469e+00 2.573368755555586196e-01
1.244967863339946579e+00 2.583444530223290014e-01
9.653343199999999680e-01 8.087477999999999334e-02
9.618732399999999627e-01 7.991840999999999529e-02
9.582385900000000012e-01 7.886224000000000012e-02
9.544365700000000396e-01 7.765212999999999977e-02
9.504705500000000251e-01 7.626684000000000241e-02
9.463380500000000417e-01 7.475318000000000240e-02
9.420334099999999600e-01 7.319470000000000143e-02
9.375522400000000367e-01 7.166155000000000441e-02
9.328966400000000547e-01 7.015030999999999350e-02
9.280712599999999535e-01 6.862920999999999605e-02
9.230776299999999823e-01 6.710280999999999885e-02
9.179188700000000534e-01 6.555837999999999943e-02
9.125985100000000294e-01 6.397914000000000379e-02
9.071113100000000040e-01 6.244941999999999854e-02
9.014479100000000189e-01 6.110142999999999824e-02
8.956239299999999570e-01 5.978217999999999727e-02
8.896566700000000383e-01 5.832050999999999902e-02
8.835448500000000482e-01 5.675811000000000051e-02
8.772945399999999561e-01 5.505353999999999803e-02
8.709133599999999698e-01 5.314810999999999841e-02
8.643976300000000279e-01 5.111339000000000160e-02
8.577314499999999509e-01 4.916083000000000258e-02
8.509018299999999702e-01 4.746969999999999662e-02
8.439259999999999540e-01 4.587407000000000290e-02
8.368349400000000271e-01 4.405131999999999798e-02
8.296186500000000130e-01 4.214832000000000300e-02
8.222432600000000313e-01 4.058521999999999824e-02
8.147283699999999795e-01 3.917157000000000278e-02
8.071063600000000227e-01 3.757111999999999952e-02
7.993540599999999774e-01 3.608341999999999800e-02
7.914597599999999566e-01 3.487765000000000309e-02
7.834798099999999987e-01 3.334498999999999796e-02
7.754411799999999522e-01 3.121335000000000082e-02
7.672510599999999847e-01 2.958082000000000072e-02
7.589155800000000340e-01 2.841453000000000034e-02
7.504864700000000166e-01 2.716044000000000097e-02
7.419645799999999847e-01 2.584710000000000132e-02
7.333511700000000522e-01 2.449843000000000159e-02
7.246640100000000251e-01 2.295041999999999915e-02
7.158817899999999623e-01 2.148608000000000115e-02
7.070045799999999936e-01 2.014447000000000113e-02
6.980545599999999906e-01 1.871190000000000006e-02
6.890342900000000492e-01 1.719969999999999832e-02
6.799126699999999968e-01 1.600452999999999945e-02
6.706905100000000175e-01 1.515821000000000009e-02
6.614165300000000025e-01 1.414509000000000079e-02
6.521242800000000006e-01 1.262314999999999965e-02
6.427591999999999750e-01 1.125848999999999947e-02
6.333196399999999615e-01 1.011246000000000020e-02
6.238062399999999563e-01 9.220300000000000717e-03
6.142391799999999957e-01 8.394020000000000301e-03
6.046360299999999910e-01 7.475629999999999602e-03
5.949955300000000502e-01 6.522779999999999724e-03
5.853208300000000142e-01 5.543000000000000184e-03
5.756178800000000262e-01 4.511639999999999921e-03
5.658712900000000268e-01 3.648649999999999810e-03
5.560832399999999787e-01 2.972750000000000132e-03
5.462842300000000373e-01 2.179089999999999847e-03
5.364956400000000514e-01 1.067409999999999973e-03
5.267049400000000103e-01 -1.751099999999999955e-04
5.168808099999999683e-01 -1.145879999999999945e-03
5.070242900000000441e-01 -1.812650000000000068e-03
4.971443500000000126e-01 -2.233639999999999844e-03
4.872490300000000274e-01 -2.456550000000000053e-03
4.773551200000000216e-01 -2.629289999999999839e-03
4.674971499999999724e-01 -3.102319999999999991e-03
4.576706199999999725e-01 -3.780130000000000035e-03
4.478549399999999792e-01 -4.383080000000000136e-03
4.380383700000000102e-01 -4.732759999999999918e-03
4.282551800000000131e-01 -5.177189999999999917e-03
4.185023299999999780e-01 -5.637810000000000044e-03
4.087380400000000247e-01 -5.592960000000000119e-03
3.989996900000000180e-01 -5.426560000000000411e-03
3.893331800000000009e-01 -5.620260000000000186e-03
3.797174600000000066e-01 -5.890099999999999676e-03
3.701612599999999920e-01 -6.292769999999999614e-03
3.606645600000000229e-01 -6.785260000000000423e-03
3.512082200000000154e-01 -7.105990000000000396e-03
3.417560900000000124e-01 -6.799310000000000249e-03
3.323312400000000277e-01 -6.086880000000000242e-03
3.230047699999999966e-01 -5.740239999999999752e-03
3.137700999999999962e-01 -5.642340000000000029e-03
3.046076400000000128e-01 -5.528240000000000237e-03
2.955103800000000169e-01 -5.276679999999999739e-03
2.864775700000000147e-01 -4.838720000000000347e-03
2.775138500000000064e-01 -4.227149999999999831e-03
2.686390000000000167e-01 -3.628500000000000215e-03
2.598453099999999960e-01 -2.915080000000000015e-03
2.511028799999999728e-01 -1.706070000000000069e-03
2.424627799999999889e-01 -5.469200000000000016e-04
2.339438000000000073e-01 3.856299999999999789e-04
2.255235999999999907e-01 1.384540000000000076e-03
2.172257300000000058e-01 2.217910000000000020e-03
2.090414499999999898e-01 3.022369999999999918e-03
2.009337800000000063e-01 4.257069999999999951e-03
1.929086600000000096e-01 5.889679999999999568e-03
1.850185900000000105e-01 7.355089999999999892e-03
1.772618099999999919e-01 8.708149999999999571e-03
1.696141399999999966e-01 1.025928000000000083e-02
1.621296200000000021e-01 1.142414999999999924e-02
1.548073600000000050e-01 1.224569999999999999e-02
1.475698599999999971e-01 1.364300000000000061e-02
1.404670500000000100e-01 1.507648999999999968e-02
1.335249900000000101e-01 1.627933999999999978e-02
1.266877999999999893e-01 1.792117000000000016e-02
1.199850799999999940e-01 1.969345999999999944e-02
1.134720099999999982e-01 2.099420000000000106e-02
1.071542600000000012e-01 2.178706000000000045e-02
1.009987600000000069e-01 2.247843000000000063e-02
9.496928000000000314e-02 2.350953999999999891e-02
8.908401000000000514e-02 2.469916999999999946e-02
8.335159999999999791e-02 2.597409999999999997e-02
7.782345999999999708e-02 2.677134000000000111e-02
7.245195999999999581e-02 2.766009999999999996e-02
6.720742000000000382e-02 2.900348000000000162e-02
6.214820000000000066e-02 3.015697000000000169e-02
5.729828000000000005e-02 3.086822999999999997e-02
5.263286999999999827e-02 3.144232000000000277e-02
4.816327000000000108e-02 3.177067000000000085e-02
4.391185000000000227e-02 3.161702999999999736e-02
3.983749000000000318e-02 3.147094999999999754e-02
3.593999999999999972e-02 3.135280000000000011e-02
3.219823000000000129e-02 3.152183000000000068e-02
2.864086000000000062e-02 3.166672000000000237e-02
2.531910999999999884e-02 3.121755000000000016e-02
2.218115000000000017e-02 3.078207999999999986e-02
1.922965999999999911e-02 3.034376999999999908e-02
1.650957000000000119e-02 2.940219000000000166e-02
1.400106999999999914e-02 2.819636999999999838e-02
1.171736999999999952e-02 2.658693000000000167e-02
9.636749999999999483e-03 2.483302999999999899e-02
7.712019999999999986e-03 2.348445999999999867e-02
6.016350000000000170e-03 2.171340000000000076e-02
4.553360000000000220e-03 1.948679999999999857e-02
3.215580000000000001e-03 1.804118000000000041e-02
2.108930000000000179e-03 1.617156999999999969e-02
1.224749999999999927e-03 1.398286999999999967e-02
5.536999999999999604e-04 1.158644999999999987e-02
1.431000000000000089e-04 8.445269999999999513e-03
-7.232999999999999358e-05 5.308890000000000137e-03
-1.675000000000000057e-05 1.312049999999999935e-03
0.000000000000000000e+00 0.000000000000000000e+00
1.974099999999999954e-04 -1.137329999999999982e-03
7.665799999999999958e-04 -4.286139999999999915e-03
1.504109999999999909e-03 -7.121240000000000035e-03
2.455049999999999854e-03 -1.016015999999999968e-02
3.597139999999999973e-03 -1.315142000000000047e-02
4.910989999999999626e-03 -1.587701999999999863e-02
6.418850000000000250e-03 -1.859620999999999844e-02
8.122549999999999215e-03 -2.133581999999999840e-02
1.001252000000000045e-02 -2.399275000000000019e-02
1.208528000000000033e-02 -2.653468000000000146e-02
1.440925000000000018e-02 -2.975252000000000105e-02
1.692222999999999991e-02 -3.294367000000000129e-02
1.959984999999999852e-02 -3.583965000000000067e-02
2.247943999999999984e-02 -3.887818999999999997e-02
2.557925000000000129e-02 -4.227970999999999813e-02
2.886785999999999866e-02 -4.569716000000000056e-02
3.232916999999999735e-02 -4.895999000000000184e-02
3.597158999999999773e-02 -5.217850999999999739e-02
3.978761000000000103e-02 -5.528170999999999780e-02
4.377111999999999670e-02 -5.821574000000000193e-02
4.794744000000000089e-02 -6.128667000000000142e-02
5.231113999999999903e-02 -6.444990999999999914e-02
5.682170999999999750e-02 -6.726036000000000514e-02
6.150797000000000209e-02 -7.006663000000000474e-02
6.639863000000000015e-02 -7.321708999999999856e-02
7.146740999999999511e-02 -7.643160000000000232e-02
7.672262999999999999e-02 -7.982675000000000187e-02
8.212901000000000229e-02 -8.302120000000000333e-02
8.767740999999999729e-02 -8.593328999999999551e-02
9.338876999999999595e-02 -8.882618999999999931e-02
9.924344000000000221e-02 -9.149941000000000324e-02
1.052226099999999942e-01 -9.376294000000000295e-02
1.113665499999999947e-01 -9.610330999999999735e-02
1.177149599999999935e-01 -9.900100000000000566e-02
1.241810200000000031e-01 -1.014902099999999974e-01
1.307883499999999977e-01 -1.038690699999999939e-01
1.375433299999999914e-01 -1.062389900000000054e-01
1.444735799999999903e-01 -1.089452800000000054e-01
1.515571400000000069e-01 -1.117665300000000028e-01
1.587463299999999911e-01 -1.141880400000000045e-01
1.660099100000000105e-01 -1.158834599999999937e-01
1.733945899999999873e-01 -1.174190100000000042e-01
1.809513500000000108e-01 -1.194101800000000047e-01
1.886106100000000119e-01 -1.210938200000000048e-01
1.963915900000000048e-01 -1.227236200000000055e-01
2.043360700000000085e-01 -1.248113299999999981e-01
2.123471000000000108e-01 -1.262829099999999982e-01
2.204361599999999921e-01 -1.273046700000000087e-01
2.286413499999999932e-01 -1.283483400000000052e-01
2.369178200000000012e-01 -1.289368399999999970e-01
2.453168500000000030e-01 -1.296937200000000123e-01
2.538564400000000165e-01 -1.308619799999999889e-01
2.624612900000000137e-01 -1.316179399999999888e-01
2.711463800000000202e-01 -1.321711499999999873e-01
2.798845799999999939e-01 -1.322499299999999878e-01
2.886800299999999764e-01 -1.319404499999999869e-01
2.975944099999999759e-01 -1.319876399999999894e-01
3.065801200000000115e-01 -1.318869099999999961e-01
3.156266300000000191e-01 -1.315580199999999977e-01
3.247504900000000028e-01 -1.312306900000000109e-01
3.339410700000000065e-01 -1.308242300000000136e-01
3.431687400000000276e-01 -1.300408999999999871e-01
3.523946800000000157e-01 -1.284783200000000070e-01
3.616582500000000144e-01 -1.266283099999999939e-01
3.710335900000000242e-01 -1.253811200000000126e-01
3.804677100000000145e-01 -1.241728299999999979e-01
3.899359399999999809e-01 -1.227640299999999962e-01
3.994309799999999910e-01 -1.211138999999999966e-01
4.089517200000000186e-01 -1.192530400000000046e-01
4.184726100000000226e-01 -1.169321299999999952e-01
4.280452299999999988e-01 -1.147848399999999991e-01
4.376815800000000145e-01 -1.129917700000000053e-01
4.473290699999999953e-01 -1.109951700000000041e-01
4.569926300000000108e-01 -1.088954599999999995e-01
4.666923599999999728e-01 -1.069663200000000036e-01
4.763961600000000129e-01 -1.048848399999999931e-01
4.860763799999999746e-01 -1.023787500000000045e-01
4.957437499999999830e-01 -9.961504000000000192e-02
5.054267599999999749e-01 -9.696377999999999941e-02
5.151228700000000105e-01 -9.444015000000000049e-02
5.248353500000000338e-01 -9.212594999999999812e-02
5.345626900000000070e-01 -9.004818000000000544e-02
5.442734200000000078e-01 -8.789109999999999978e-02
5.539339800000000480e-01 -8.531494000000000577e-02
5.635510099999999634e-01 -8.243994000000000322e-02
5.731532299999999580e-01 -7.963863000000000192e-02
5.827407799999999582e-01 -7.695651000000000574e-02
5.922916499999999473e-01 -7.418586000000000624e-02
6.017971800000000426e-01 -7.127110000000000389e-02
6.112592500000000317e-01 -6.827745999999999815e-02
6.206650299999999509e-01 -6.510169000000000372e-02
6.300273299999999965e-01 -6.193345000000000100e-02
6.393565700000000129e-01 -5.893496000000000151e-02
6.486485600000000407e-01 -5.610108999999999929e-02
6.578901700000000519e-01 -5.332427000000000000e-02
6.670336500000000335e-01 -5.010082999999999898e-02
6.760871600000000203e-01 -4.656596000000000346e-02
6.851048899999999664e-01 -4.338149000000000172e-02
6.940720700000000409e-01 -4.041991000000000334e-02
7.029564799999999947e-01 -3.735382999999999759e-02
7.117525199999999996e-01 -3.416019000000000000e-02
7.204767100000000202e-01 -3.106826999999999853e-02
7.291193500000000549e-01 -2.800752000000000103e-02
7.376554800000000300e-01 -2.473206000000000016e-02
7.460962500000000164e-01 -2.140900000000000095e-02
7.544359099999999874e-01 -1.801128999999999925e-02
7.626671400000000212e-01 -1.449400999999999988e-02
7.708417899999999712e-01 -1.148823000000000032e-02
7.789449200000000406e-01 -8.860740000000000630e-03
7.868975700000000462e-01 -5.745629999999999835e-03
7.947062900000000374e-01 -2.254540000000000190e-03
8.024274599999999813e-01 9.314199999999999693e-04
8.100416799999999862e-01 3.998329999999999593e-03
8.175215900000000202e-01 7.224079999999999911e-03
8.248906700000000480e-01 1.030550000000000042e-02
8.321637499999999799e-01 1.303869000000000035e-02
8.393069300000000066e-01 1.577788999999999928e-02
8.463002800000000159e-01 1.871826000000000045e-02
8.531676999999999733e-01 2.155378000000000155e-02
8.599236700000000289e-01 2.408723999999999935e-02
8.665516300000000172e-01 2.647694000000000089e-02
8.730306799999999479e-01 2.893130999999999828e-02
8.793512500000000287e-01 3.152983000000000174e-02
8.855164899999999895e-01 3.420749000000000012e-02
8.915282500000000221e-01 3.691433999999999688e-02
8.973816500000000307e-01 3.967824999999999824e-02
9.030859799999999549e-01 4.236604000000000064e-02
9.086539999999999617e-01 4.480491999999999808e-02
9.140746299999999991e-01 4.709603999999999874e-02
9.193373999999999713e-01 4.933396000000000309e-02
9.244411000000000156e-01 5.150808999999999943e-02
9.293855600000000550e-01 5.359694999999999737e-02
9.341689399999999477e-01 5.559842000000000256e-02
9.387908600000000048e-01 5.749481000000000036e-02
9.432520500000000085e-01 5.925648000000000026e-02
9.475470099999999674e-01 6.092563000000000145e-02
9.516668400000000139e-01 6.258434000000000219e-02
9.556050699999999454e-01 6.428743000000000651e-02
9.593601200000000384e-01 6.603477000000000652e-02
9.629347900000000404e-01 6.777687000000000295e-02
9.663320499999999980e-01 6.946325000000000416e-02
