x y
0.96523290 0.08203480
0.96176157 0.08119560
0.95811846 0.08023624
0.95430946 0.07910590
0.95033526 0.07781432
0.94619110 0.07643389
0.94187087 0.07505374
0.93737283 0.07371361
0.93270182 0.07237860
0.92786021 0.07104315
0.92285043 0.06970140
0.91767648 0.06833077
0.91233756 0.06696383
0.90682199 0.06575860
0.90113694 0.06465816
0.89530419 0.06343928
0.88932555 0.06210774
0.88320463 0.06064942
0.87695068 0.05898641
0.87056295 0.05715592
0.86402519 0.05537312
0.85732151 0.05384956
0.85046484 0.05246782
0.84348877 0.05087491
0.83638790 0.04916432
0.82912517 0.04779244
0.82171857 0.04658644
0.81420272 0.04518372
0.80655160 0.04391619
0.79875963 0.04288218
0.79088150 0.04149145
0.78293604 0.03956444
0.77482674 0.03824105
0.76657913 0.03726596
0.75823962 0.03614577
0.74980147 0.03499515
0.74127087 0.03378136
0.73266118 0.03239030
0.72394731 0.03114778
0.71514259 0.02994074
0.70626593 0.02859277
0.69730259 0.02731261
0.68822396 0.02646795
0.67906487 0.02570131
0.66987329 0.02450522
0.66062838 0.02315956
0.65130095 0.02204000
0.64189369 0.02115780
0.63241745 0.02043127
0.62289530 0.01963920
0.61333204 0.01876941
0.60372665 0.01787661
0.59408735 0.01691010
0.58439936 0.01608235
0.57465889 0.01548009
0.56490266 0.01472736
0.55515159 0.01362851
0.54538654 0.01244644
0.53557875 0.01155425
0.52572529 0.01102967
0.51584590 0.01069087
0.50593803 0.01061146
0.49604820 0.01030356
0.48618862 0.00967185
0.47634111 0.00896853
0.46647674 0.00856861
0.45662851 0.00813895
0.44680473 0.00762865
0.43695224 0.00768986
0.42712435 0.00775670
0.41735550 0.00747904
0.40763015 0.00707858
0.39795602 0.00651036
0.38832239 0.00594066
0.37868330 0.00593815
0.36903931 0.00653963
0.35950182 0.00651365
0.35004501 0.00619821
0.34064143 0.00594958
0.33128602 0.00586777
0.32197947 0.00598667
0.31274188 0.00611785
0.30357119 0.00632614
0.29444547 0.00690320
0.28538399 0.00766913
0.27643532 0.00810853
0.26757482 0.00854308
0.25880758 0.00895397
0.25015075 0.00918399
0.24154772 0.00991914
0.23301676 0.01098856
0.22459550 0.01199974
0.21630396 0.01276073
0.20810445 0.01373935
0.20005306 0.01433025
0.19212853 0.01481243
0.18429219 0.01566336
0.17656930 0.01662866
0.16898664 0.01743626
0.16151934 0.01840419
0.15415158 0.01974617
0.14693001 0.02096128
0.13988649 0.02171665
0.13300831 0.02218886
0.12628665 0.02250932
0.11966320 0.02337492
0.11318692 0.02425488
0.10685588 0.02519985
0.10067821 0.02614465
0.09470558 0.02652563
0.08884414 0.02744275
0.08312234 0.02859623
0.07758372 0.02951334
0.07224584 0.03001762
0.06708256 0.03043155
0.06209016 0.03082073
0.05731396 0.03068885
0.05271373 0.03051753
0.04828140 0.03041950
0.04402200 0.03035722
0.03991482 0.03058652
0.03600469 0.03061285
0.03231035 0.03023949
0.02879997 0.02984691
0.02546656 0.02953111
0.02235358 0.02880994
0.01944823 0.02784393
0.01675083 0.02664276
0.01427490 0.02506446
0.01196604 0.02374272
0.00983043 0.02261783
0.00792823 0.02101156
0.00624959 0.01904579
0.00470022 0.01780707
0.00336752 0.01630341
0.00226196 0.01442130
0.00135882 0.01244943
0.00068194 0.01011974
0.00024653 0.00726229
0.00000031 0.00447803
0.00000654 0.00104571
0.00000000 0.00000000
0.00018184 -0.00095925
0.00072460 -0.00380606
0.00144441 -0.00643843
0.00237485 -0.00924291
0.00349558 -0.01198985
0.00479855 -0.01459098
0.00628881 -0.01710888
0.00797228 -0.01961713
0.00985326 -0.02217125
0.01191179 -0.02455049
0.01416832 -0.02699681
0.01667171 -0.03007834
0.01935256 -0.03301131
0.02219924 -0.03567339
0.02524517 -0.03845860
0.02851240 -0.04163159
0.03196642 -0.04481105
0.03559411 -0.04786103
0.03940105 -0.05086046
0.04338397 -0.05378766
0.04753239 -0.05653952
0.05185912 -0.05927988
0.05637971 -0.06220499
0.06106710 -0.06502427
0.06590493 -0.06757032
0.07092139 -0.07018648
0.07613338 -0.07308717
0.08151866 -0.07604034
0.08707925 -0.07909179
0.09280215 -0.08211663
0.09865228 -0.08473793
0.10466305 -0.08736294
0.11082583 -0.08991879
0.11711064 -0.09208900
0.12352790 -0.09402016
0.13011785 -0.09620013
0.13689594 -0.09883448
0.14376909 -0.10088769
0.15078390 -0.10292257
0.15794063 -0.10497283
0.16523956 -0.10707266
0.17270945 -0.10958283
0.18028141 -0.11174772
0.18794096 -0.11343472
0.19568009 -0.11458589
0.20354954 -0.11581545
0.21156289 -0.11731349
0.21966842 -0.11852370
0.22788383 -0.11968411
0.23623878 -0.12117035
0.24464643 -0.12202578
0.25314636 -0.12274037
0.26171728 -0.12310833
0.27035176 -0.12308266
0.27909616 -0.12323229
0.28796491 -0.12376120
0.29688206 -0.12384011
0.30586175 -0.12367056
0.31488075 -0.12302697
0.32394988 -0.12207373
0.33311602 -0.12138767
0.34233468 -0.12050133
0.35160813 -0.11948211
0.36094278 -0.11844513
0.37032322 -0.11725620
0.37971474 -0.11556072
0.38909410 -0.11313545
0.39857507 -0.11132452
0.40813941 -0.10996215
0.41773208 -0.10846232
0.42733612 -0.10667437
0.43695111 -0.10463701
0.44655747 -0.10217009
0.45620194 -0.09985191
0.46590106 -0.09791592
0.47559378 -0.09570758
0.48530391 -0.09354360
0.49503549 -0.09151432
0.50474213 -0.08913334
0.51441376 -0.08632975
0.52408020 -0.08348898
0.53376135 -0.08088287
0.54344684 -0.07843706
0.55314632 -0.07630613
0.56282746 -0.07416432
0.57245113 -0.07160838
0.58202094 -0.06872342
0.59157043 -0.06593683
0.60109829 -0.06327750
0.61058188 -0.06053005
0.62001349 -0.05764970
0.62939161 -0.05466237
0.63870835 -0.05152095
0.64798206 -0.04847799
0.65721609 -0.04561445
0.66640515 -0.04291231
0.67552181 -0.04009978
0.68452869 -0.03679119
0.69346549 -0.03348216
0.70236321 -0.03056834
0.71118835 -0.02770742
0.71991897 -0.02468909
0.72856473 -0.02166400
0.73713330 -0.01875962
0.74559731 -0.01570228
0.75395673 -0.01253069
0.76221744 -0.00935062
0.77036082 -0.00598709
0.77843001 -0.00297143
0.78643708 -0.00047872
0.79430541 0.00233049
0.80201618 0.00563533
0.80963092 0.00869644
0.81714158 0.01157048
0.82451485 0.01460388
0.83177159 0.01752404
0.83893113 0.02007614
0.84595933 0.02261782
0.85283418 0.02536846
0.85958150 0.02800083
0.86621588 0.03031712
0.87271850 0.03250189
0.87906789 0.03477076
0.88525519 0.03719606
0.89128536 0.03969230
0.89715902 0.04222463
0.90287374 0.04479353
0.90844043 0.04724761
0.91386806 0.04945866
0.91914319 0.05155522
0.92425779 0.05360475
0.92921197 0.05558236
0.93400506 0.05747275
0.93863561 0.05927047
0.94310385 0.06095153
0.94740897 0.06250452
0.95154253 0.06400615
0.95549605 0.06553437
0.95926494 0.06712342
0.96285031 0.06874318
0.96625590 0.07033414
